year,component,arm,med_cm,p05_cm,p95_cm
1990,glaciers,fixed,-0.6663032249651273,-0.8935106608068273,-0.47346467776828005
1991,glaciers,fixed,-0.6370501069386558,-0.8489612692546618,-0.45471000340967366
1992,glaciers,fixed,-0.602868735317756,-0.8014307116258246,-0.4305631039506545
1993,glaciers,fixed,-0.5857504108715501,-0.7748643218140299,-0.4187794742498588
1994,glaciers,fixed,-0.5485075630263041,-0.7251191186855072,-0.39222173631381224
1995,glaciers,fixed,-0.5161184319248777,-0.6793880478951293,-0.3693433169592634
1996,glaciers,fixed,-0.4722576976513566,-0.6218539572377627,-0.336731880819197
1997,glaciers,fixed,-0.43440363945829485,-0.5709872072528429,-0.3112049011903739
1998,glaciers,fixed,-0.3895835677327757,-0.5116632658560535,-0.27998467176716074
1999,glaciers,fixed,-0.3157287465349665,-0.41468542256579066,-0.22671699187670763
2000,glaciers,fixed,-0.27504943738271637,-0.3619900669230506,-0.19773182608692358
2001,glaciers,fixed,-0.22833118303044975,-0.3001763590261149,-0.164308425438073
2002,glaciers,fixed,-0.1708002877792516,-0.22476919630227576,-0.12408883147229904
2003,glaciers,fixed,-0.10978395427046772,-0.14412650543412786,-0.07979588309134794
2004,glaciers,fixed,-0.04937321266096584,-0.06609841694440469,-0.035411335257465246
2005,glaciers,fixed,0.00028835833475993056,-0.010465469875598021,0.00995228114450324
2006,glaciers,fixed,0.07049868188633024,0.04730262151045674,0.09662303327872225
2007,glaciers,fixed,0.15024733200883955,0.10602210046047117,0.19813498489726897
2008,glaciers,fixed,0.21121740304421044,0.1504878041838873,0.27760379401005275
2009,glaciers,fixed,0.2544047884290368,0.18169024105228954,0.33455048856778147
2010,glaciers,fixed,0.3125217737860715,0.22330299454275912,0.4107741736809663
2011,glaciers,fixed,0.40642729616264406,0.2921593014472437,0.5333574328193293
2012,glaciers,fixed,0.4672273114588217,0.33703380613724065,0.6135147134045351
2013,glaciers,fixed,0.5171195379542153,0.3752563177365244,0.6783925926943968
2014,glaciers,fixed,0.5712665732271844,0.4134450078316112,0.7512496114055064
2015,glaciers,fixed,0.6400300592718979,0.4635455064768339,0.8418138242631682
2016,glaciers,fixed,0.7124937617223428,0.5178917432598251,0.9338709892590102
2017,glaciers,fixed,0.8365301435948993,0.6091950500995631,1.0958186177355174
2018,glaciers,fixed,0.9140843511370571,0.6651639233683766,1.1965066827882407
2019,glaciers,fixed,0.9781604732522016,0.710549028825108,1.281863120615112
2020,glaciers,fixed,1.0702991056101179,0.7776480421548378,1.4026699210602835
2021,glaciers,fixed,1.1382099813342053,0.8277626943655043,1.4904695261438257
2022,glaciers,fixed,1.2045975583518496,0.8774373454495303,1.5762381633483538
2023,glaciers,fixed,1.2772601034514048,0.9296009010293038,1.6683411785370916
2024,glaciers,fixed,1.3669966042368566,0.9954885921504647,1.7876915547239296
2025,glaciers,fixed,1.458809151002336,1.0616505673374244,1.9055012342002442
2026,glaciers,fixed,1.549370738418077,1.1296967707344028,2.0241144954416797
2027,glaciers,fixed,1.644345925179874,1.2001418099504544,2.146125837686576
2028,glaciers,fixed,1.7410623012706798,1.2704068082075153,2.2681904527595487
2029,glaciers,fixed,1.8375239482063035,1.3412920783420599,2.3932435709834974
2030,glaciers,fixed,1.9351142253725628,1.4127987324700875,2.517548921604389
2031,glaciers,fixed,2.0337990391486898,1.4860544927116626,2.6432971599182578
2032,glaciers,fixed,2.131634757879139,1.557423540002811,2.770245344022732
2033,glaciers,fixed,2.231957037309961,1.6307712485764936,2.8995468822556942
2034,glaciers,fixed,2.331242399295298,1.7045093374342173,3.028640962149028
2035,glaciers,fixed,2.4334323284013264,1.7819985841940975,3.1558991343289033
2036,glaciers,fixed,2.536639171497961,1.8627706296734436,3.2861242844951035
2037,glaciers,fixed,2.644097979735786,1.947046670180738,3.4185369410362627
2038,glaciers,fixed,2.7492942428893263,2.0257822877541445,3.5521774631978
2039,glaciers,fixed,2.8551678754626955,2.104195966736792,3.6884043259828245
2040,glaciers,fixed,2.9610958683500868,2.1860631926612446,3.822305468740675
2041,glaciers,fixed,3.0684679870198535,2.2716958115759462,3.959797401425267
2042,glaciers,fixed,3.17342310873196,2.3558964705273016,4.090633404618535
2043,glaciers,fixed,3.279250394491797,2.4395915530727286,4.221971387568577
2044,glaciers,fixed,3.388288151640067,2.5221124551554612,4.3515177436185954
2045,glaciers,fixed,3.493115081790877,2.6050998530839626,4.481999512616532
2046,glaciers,fixed,3.5970804586932603,2.6865992108108405,4.613398321202075
2047,glaciers,fixed,3.701361640133491,2.768185859190635,4.749661736825163
2048,glaciers,fixed,3.808823000763161,2.8494958862559066,4.889990227525549
2049,glaciers,fixed,3.915232680592742,2.9300674330512932,5.018978865856527
2050,glaciers,fixed,4.021347862998882,3.0116052669821585,5.1533807113156715
2051,glaciers,fixed,4.126215437208174,3.0936773427812883,5.2797312746962435
2052,glaciers,fixed,4.231747711676245,3.176166028821225,5.4158150957202995
2053,glaciers,fixed,4.335218017947907,3.2581227715037477,5.548712322988576
2054,glaciers,fixed,4.437216995665344,3.3402514969911987,5.6770253882341795
2055,glaciers,fixed,4.539171199272348,3.4211168132249554,5.799340432316297
2056,glaciers,fixed,4.642546850535785,3.498183802812124,5.925252562761988
2057,glaciers,fixed,4.742818946366121,3.5765435600199833,6.0463834520583735
2058,glaciers,fixed,4.842488575075202,3.652328193173364,6.168295971202579
2059,glaciers,fixed,4.940504431948327,3.7265758270675904,6.29145726572239
2060,glaciers,fixed,5.043019101017859,3.8026821299110973,6.410275944943943
2061,glaciers,fixed,5.142477155997714,3.8780996933668073,6.528564259108467
2062,glaciers,fixed,5.240507470859251,3.9575280802733652,6.649011504932409
2063,glaciers,fixed,5.339189082290141,4.029991036298124,6.769452386702447
2064,glaciers,fixed,5.435076777139075,4.101053171499584,6.889205124723933
2065,glaciers,fixed,5.530399957248903,4.177304776631985,7.004089172012087
2066,glaciers,fixed,5.623044771906883,4.253403721794727,7.116462837164841
2067,glaciers,fixed,5.713988174289399,4.328181751783666,7.237280888306074
2068,glaciers,fixed,5.803689919478947,4.402418799860008,7.34897533533906
2069,glaciers,fixed,5.892777646534396,4.466875858180949,7.455717302999926
2070,glaciers,fixed,5.9810424998263,4.534560252274686,7.560295218041109
2071,glaciers,fixed,6.0664315314484645,4.609311829849239,7.658205726151002
2072,glaciers,fixed,6.156069883639857,4.678618172108275,7.754999135090446
2073,glaciers,fixed,6.2395244351749355,4.744848961646728,7.853135453983283
2074,glaciers,fixed,6.322190660804951,4.80930174406124,7.952869715180497
2075,glaciers,fixed,6.408200364597262,4.873138956141197,8.051630443690303
2076,glaciers,fixed,6.491087856283798,4.936989199834887,8.149646641863194
2077,glaciers,fixed,6.570363694144724,4.995264877003581,8.245161262520114
2078,glaciers,fixed,6.644945451699596,5.0578517691644596,8.338425806482643
2079,glaciers,fixed,6.72245284912918,5.119709221158573,8.429591829360502
2080,glaciers,fixed,6.7993481918981535,5.178722986243484,8.519035260103907
2081,glaciers,fixed,6.873999958547801,5.237104903221507,8.606244849798395
2082,glaciers,fixed,6.947803965910348,5.3005415167181,8.696675085269387
2083,glaciers,fixed,7.0214485677206895,5.356972435398048,8.78860066586885
2084,glaciers,fixed,7.09775794481009,5.413829446292802,8.88407153560508
2085,glaciers,fixed,7.167764777873712,5.47334197956576,8.966816656657713
2086,glaciers,fixed,7.237538511555063,5.531507317407909,9.057816354634483
2087,glaciers,fixed,7.303614024670848,5.5884845917197925,9.135468977094646
2088,glaciers,fixed,7.370605190545179,5.64409750792808,9.20960568778504
2089,glaciers,fixed,7.434971587654525,5.697404787604331,9.280639130382434
2090,glaciers,fixed,7.500076441548427,5.748791322286675,9.362565708071742
2091,glaciers,fixed,7.564536557556815,5.79668394353687,9.450350379694953
2092,glaciers,fixed,7.6244042195732655,5.844519591049065,9.530257269689631
2093,glaciers,fixed,7.685337952258871,5.895392590829944,9.607375422628495
2094,glaciers,fixed,7.74573388229296,5.9459185447048215,9.68362714732084
2095,glaciers,fixed,7.808780868401557,5.995880495485018,9.756096942631766
2096,glaciers,fixed,7.86564500582868,6.045355932386889,9.82641367461001
2097,glaciers,fixed,7.9271867841383,6.09545457356208,9.897922985261877
2098,glaciers,fixed,7.985868984546565,6.142797604047889,9.973168333873465
2099,glaciers,fixed,8.041118824688837,6.189448143461789,10.039183198683697
2100,glaciers,fixed,8.097921223281555,6.235444509695387,10.106477601107368
2101,glaciers,fixed,8.147553748037025,6.280715831986409,10.175555330129924
2102,glaciers,fixed,8.2024569809826,6.3248648104306335,10.244170300043852
2103,glaciers,fixed,8.258359007721742,6.359204636842671,10.311782668378282
2104,glaciers,fixed,8.312068253005805,6.398237308538303,10.37877951275039
2105,glaciers,fixed,8.366297670381545,6.439665582938113,10.440216460972366
2106,glaciers,fixed,8.420177510972788,6.48096881094652,10.500060587578892
2107,glaciers,fixed,8.470630810008897,6.519699637883208,10.558439605658142
2108,glaciers,fixed,8.520546042503469,6.560919515322983,10.615782350676945
2109,glaciers,fixed,8.572103429789902,6.600044692608988,10.6723789650125
2110,glaciers,fixed,8.621838913363442,6.638296300135445,10.727751537063712
2111,glaciers,fixed,8.667933537923322,6.675909816498976,10.780683018957308
2112,glaciers,fixed,8.714385366614195,6.712373863712187,10.832487053921081
2113,glaciers,fixed,8.761367285952824,6.7484736429390875,10.887964409326523
2114,glaciers,fixed,8.809604346577421,6.78414606810673,10.940125348627355
2115,glaciers,fixed,8.854539795380097,6.81924767035099,10.991314530832984
2116,glaciers,fixed,8.896076196096153,6.850933853916581,11.042443415337678
2117,glaciers,fixed,8.940128622650168,6.888831864940907,11.09236287347502
2118,glaciers,fixed,8.985383907219232,6.923549155714587,11.142865098791658
2119,glaciers,fixed,9.026125778339996,6.957366777726792,11.200156691174916
2120,glaciers,fixed,9.069083090379404,6.9882999457042985,11.244994815494602
2121,glaciers,fixed,9.108856847607097,7.02251666277372,11.290019843143
2122,glaciers,fixed,9.148808253014579,7.052977424096748,11.341390637365327
2123,glaciers,fixed,9.187911071976774,7.081987111658706,11.391937146082983
2124,glaciers,fixed,9.225925985706667,7.112003782692773,11.441734289878172
2125,glaciers,fixed,9.263999577805425,7.144660442972882,11.491499035067909
2126,glaciers,fixed,9.302018730667807,7.176937441111844,11.54125770241193
2127,glaciers,fixed,9.340556785715814,7.208803469494079,11.58692537878193
2128,glaciers,fixed,9.38114811008031,7.2425874425646874,11.636645168081053
2129,glaciers,fixed,9.416032050880649,7.272054806965388,11.676410513130293
2130,glaciers,fixed,9.452796854986879,7.299881963979774,11.72236463359071
2131,glaciers,fixed,9.48822715635401,7.327415640674462,11.765276244128383
2132,glaciers,fixed,9.52477345948849,7.354116277463084,11.80102772142431
2133,glaciers,fixed,9.558924196810835,7.380430430384437,11.836199796001338
2134,glaciers,fixed,9.591132673336372,7.406470043466006,11.870565341333933
2135,glaciers,fixed,9.625379712336187,7.434569268373194,11.910312128010824
2136,glaciers,fixed,9.660420064827232,7.461244856988604,11.953122057664201
2137,glaciers,fixed,9.693754350526579,7.487959085258505,11.995893938757735
2138,glaciers,fixed,9.726672931204218,7.514421591456818,12.035570812882748
2139,glaciers,fixed,9.758071473136722,7.540806531287006,12.071693676070952
2140,glaciers,fixed,9.788767174817732,7.566598428203091,12.106759005870853
2141,glaciers,fixed,9.818316363267806,7.591903960118517,12.141142123412736
2142,glaciers,fixed,9.84787522843116,7.614329297169625,12.174777659464471
2143,glaciers,fixed,9.876664408763883,7.6359825547435625,12.207434861306012
2144,glaciers,fixed,9.904563975167427,7.661692241776034,12.23963671061391
2145,glaciers,fixed,9.93476748833205,7.6876866116412845,12.271687241374723
2146,glaciers,fixed,9.96372039233933,7.711661376620904,12.305042620874836
2147,glaciers,fixed,9.992728187220381,7.73490261305399,12.337641890978512
2148,glaciers,fixed,10.021669198980284,7.757798792234769,12.368557324918951
2149,glaciers,fixed,10.05167270188711,7.778956168451899,12.399276658889592
2150,glaciers,fixed,10.081084203454282,7.802474024760075,12.42940152981341
2151,glaciers,fixed,10.113119952227638,7.825364888065257,12.458749843762387
2152,glaciers,fixed,10.142938831162917,7.846557441863584,12.488573817972235
2153,glaciers,fixed,10.169390040954347,7.868341095292526,12.519725141994389
2154,glaciers,fixed,10.195757974745215,7.890277192120954,12.556619293922507
2155,glaciers,fixed,10.222131288099005,7.91216878674268,12.588136107156268
2156,glaciers,fixed,10.249372920717493,7.933743142687378,12.616589739555245
2157,glaciers,fixed,10.276806964844663,7.9550461719192915,12.649592117310073
2158,glaciers,fixed,10.304460466798723,7.976338949162468,12.678004228113851
2159,glaciers,fixed,10.331380022235203,7.99776111287223,12.713228712674278
2160,glaciers,fixed,10.356360796807138,8.02057343846954,12.748343393276468
2161,glaciers,fixed,10.383362185422614,8.045630901225362,12.783526073369101
2162,glaciers,fixed,10.409519305742002,8.069722419346423,12.8186677826231
2163,glaciers,fixed,10.433939466443622,8.092172045928853,12.853512976491496
2164,glaciers,fixed,10.458401698745124,8.112608002541686,12.888391314092614
2165,glaciers,fixed,10.484853431734127,8.131891995673891,12.922521859366375
2166,glaciers,fixed,10.508387301390641,8.150744761476068,12.955725753179513
2167,glaciers,fixed,10.533673558981311,8.169241394036982,12.988476225622374
2168,glaciers,fixed,10.557468054594484,8.187542319426417,13.021205290304973
2169,glaciers,fixed,10.580881671282393,8.205871967139897,13.053505739528928
2170,glaciers,fixed,10.60476518133633,8.225675620575894,13.086000401012114
2171,glaciers,fixed,10.62759473558464,8.242543437640089,13.118947387566758
2172,glaciers,fixed,10.651870281976398,8.257661652328556,13.151580137195143
2173,glaciers,fixed,10.67918439951729,8.275622797489667,13.184208092162226
2174,glaciers,fixed,10.704439970722756,8.295049044171533,13.21679794164203
2175,glaciers,fixed,10.72856477524009,8.314635670767657,13.24762293219686
2176,glaciers,fixed,10.752803399696498,8.33365937499189,13.275787503686843
2177,glaciers,fixed,10.775944390692928,8.351408571207227,13.303392140418152
2178,glaciers,fixed,10.798353268969414,8.37107173025337,13.330493801619395
2179,glaciers,fixed,10.8207230474111,8.389418204169646,13.357244914845186
2180,glaciers,fixed,10.842924338243972,8.40783046859896,13.384573538858556
2181,glaciers,fixed,10.866713641064196,8.426288339829028,13.418019209064868
2182,glaciers,fixed,10.888762899197683,8.444679867356218,13.445123657278511
2183,glaciers,fixed,10.912794748424604,8.46301562994373,13.476727245107481
2184,glaciers,fixed,10.936657951974441,8.48047616481411,13.50926147077087
2185,glaciers,fixed,10.959292991188034,8.498796039063103,13.541070683411204
2186,glaciers,fixed,10.981720134913694,8.516694986968517,13.57241630642956
2187,glaciers,fixed,11.003117700232117,8.534473334974482,13.603761481314029
2188,glaciers,fixed,11.025321628317753,8.552034107936759,13.63348137531915
2189,glaciers,fixed,11.047899242508961,8.568606750244653,13.660317532870991
2190,glaciers,fixed,11.070404866064422,8.58449138801039,13.687106718426648
2191,glaciers,fixed,11.089679572655445,8.600234163557511,13.714691023849031
2192,glaciers,fixed,11.11184099666145,8.615880261463774,13.74328242529152
2193,glaciers,fixed,11.13370826860141,8.631714693923044,13.772012571259543
2194,glaciers,fixed,11.15385313415241,8.647515229692157,13.800279571171346
2195,glaciers,fixed,11.17586469549277,8.663500110753533,13.827131666267084
2196,glaciers,fixed,11.19694084254669,8.679251226262627,13.84909092607296
2197,glaciers,fixed,11.216048209033639,8.695112885723795,13.87131044944479
2198,glaciers,fixed,11.235454773675002,8.710829708205374,13.897162299346192
2199,glaciers,fixed,11.254163117308106,8.726387083523866,13.922532160966675
2200,glaciers,fixed,11.275257618358715,8.74334384251594,13.947422275568783
2201,glaciers,fixed,11.296238204026528,8.76070827632553,13.969690045342688
2202,glaciers,fixed,11.316019491036034,8.778121875626628,13.989361945154286
2203,glaciers,fixed,11.334855131798584,8.795513100376768,14.008699621077195
2204,glaciers,fixed,11.35368753580726,8.813108348946294,14.028219329273758
2205,glaciers,fixed,11.374594639444666,8.834065598876828,14.048677992818247
2206,glaciers,fixed,11.396020753051506,8.85211027382401,14.069137452126784
2207,glaciers,fixed,11.419129623455976,8.868937612956525,14.089703062770162
2208,glaciers,fixed,11.440749793668617,8.88547835069849,14.11462943876207
2209,glaciers,fixed,11.461834140331737,8.90159464316547,14.140891657021044
2210,glaciers,fixed,11.482908564221862,8.917280451710917,14.166815065316039
2211,glaciers,fixed,11.502599159431721,8.932415849301828,14.191911605153344
2212,glaciers,fixed,11.521711027572533,8.946756877459952,14.217145679567073
2213,glaciers,fixed,11.540786361625077,8.957453747725358,14.242381804679482
2214,glaciers,fixed,11.56041196842516,8.968247416576697,14.267637228144599
2215,glaciers,fixed,11.58003951624281,8.979218365697738,14.2927832106525
2216,glaciers,fixed,11.599258684197533,8.992346649903949,14.317962346916381
2217,glaciers,fixed,11.617149378601123,9.009935228983661,14.3436161665432
2218,glaciers,fixed,11.635787290832653,9.027507995257183,14.371868001170233
2219,glaciers,fixed,11.655627938112815,9.044810674186515,14.399671161011817
2220,glaciers,fixed,11.675291410728253,9.062000245847308,14.42720853019969
2221,glaciers,fixed,11.691788632966304,9.075387523212237,14.449688255345814
2222,glaciers,fixed,11.709134843567007,9.0875224647208,14.471773525060424
2223,glaciers,fixed,11.72896552764751,9.100784344210286,14.493874223680466
2224,glaciers,fixed,11.74972295095342,9.114017571013946,14.515895175131485
2225,glaciers,fixed,11.769400921642854,9.127200604487122,14.537642926140851
2226,glaciers,fixed,11.788258264681307,9.140259642317524,14.558776726861778
2227,glaciers,fixed,11.806435943049621,9.153325216359281,14.579847367787654
2228,glaciers,fixed,11.824342656081186,9.16653886977502,14.602256091125698
2229,glaciers,fixed,11.842106006564457,9.179650281615784,14.624995326214886
2230,glaciers,fixed,11.860225379465238,9.192610429478727,14.647804576426545
2231,glaciers,fixed,11.879380136522904,9.206571946945365,14.670576409249355
2232,glaciers,fixed,11.89552160700066,9.220729850795735,14.693351908495014
2233,glaciers,fixed,11.911690177488985,9.23445899215922,14.715963844132768
2234,glaciers,fixed,11.928887346473669,9.24701980514242,14.738241148965008
2235,glaciers,fixed,11.946459605764701,9.25959195953428,14.760517872547954
2236,glaciers,fixed,11.963672027026846,9.272205144615718,14.782839447943205
2237,glaciers,fixed,11.980022230676006,9.284783872361716,14.805090057935393
2238,glaciers,fixed,11.99519029923929,9.29740793466755,14.827248062564882
2239,glaciers,fixed,12.012268693996957,9.310017254779705,14.848871634087798
2240,glaciers,fixed,12.028602955055156,9.32262945834157,14.871024963862194
2241,glaciers,fixed,12.043573510606276,9.335260472418991,14.891735628049481
2242,glaciers,fixed,12.059510193923387,9.347997375440295,14.91019062913458
2243,glaciers,fixed,12.076478420228787,9.360772419382899,14.928503939712657
2244,glaciers,fixed,12.09272360748556,9.373300446362594,14.94644533364221
2245,glaciers,fixed,12.110784216463308,9.38568371705809,14.964164627909033
2246,glaciers,fixed,12.127681358328369,9.397857629098688,14.981570152517051
2247,glaciers,fixed,12.142197852285964,9.41023138514168,14.998905459953775
2248,glaciers,fixed,12.157264008150255,9.424327184837573,15.016138204128568
2249,glaciers,fixed,12.172629866061088,9.43834920124195,15.033257541695054
2250,glaciers,fixed,12.188121203687162,9.45254253119579,15.05387270120647
2251,glaciers,fixed,12.20701250012727,9.46699689989328,15.07678507584436
2252,glaciers,fixed,12.224164950446252,9.48140274934572,15.099842842324406
2253,glaciers,fixed,12.241392402448138,9.495848526772155,15.122262152354816
2254,glaciers,fixed,12.25722680436497,9.510243857932482,15.1409912113204
2255,glaciers,fixed,12.273583365336279,9.523310485311622,15.15920655085435
2256,glaciers,fixed,12.289611371917864,9.5355324333196,15.177398267713327
2257,glaciers,fixed,12.304067868520471,9.547572281596645,15.195300384780952
2258,glaciers,fixed,12.318129548854692,9.55947860696746,15.212915353650928
2259,glaciers,fixed,12.3315671643305,9.570419462614645,15.230172538337609
2260,glaciers,fixed,12.346743508257887,9.578292382900637,15.247146852530733
2261,glaciers,fixed,12.363848290289171,9.585929500788351,15.263915778003737
2262,glaciers,fixed,12.378450225007107,9.593682211879315,15.280806306133767
2263,glaciers,fixed,12.39285097007713,9.604241715422434,15.2973608861555
2264,glaciers,fixed,12.407815195269588,9.618078334646013,15.313949568537396
2265,glaciers,fixed,12.422636516673496,9.63193921338886,15.33045881165961
2266,glaciers,fixed,12.436817073895675,9.644409878676441,15.346900867661603
2267,glaciers,fixed,12.452029842230946,9.652618305084848,15.363368287574573
2268,glaciers,fixed,12.466136502109318,9.660718327445055,15.38235938696104
2269,glaciers,fixed,12.48008069623798,9.668703988703454,15.405013027320475
2270,glaciers,fixed,12.494144122456149,9.678013080510487,15.424201724756669
2271,glaciers,fixed,12.50933095105179,9.68886822547092,15.445430061494935
2272,glaciers,fixed,12.523707234031864,9.699579255810002,15.466099385689889
2273,glaciers,fixed,12.539308983727347,9.710269746021401,15.480561831525822
2274,glaciers,fixed,12.553288189029338,9.724139193384582,15.493236638562943
2275,glaciers,fixed,12.568575274379604,9.738265019368187,15.505738557859688
2276,glaciers,fixed,12.58327265377394,9.752341061536919,15.519211071071194
2277,glaciers,fixed,12.597947125240955,9.766321928611466,15.536878993037416
2278,glaciers,fixed,12.612577917566663,9.778299297797767,15.554478297637841
2279,glaciers,fixed,12.626571655669467,9.788589839071374,15.571797925782457
2280,glaciers,fixed,12.641258530462286,9.798808365368625,15.588991977658052
2281,glaciers,fixed,12.655422715454621,9.808936823072724,15.606029025918815
2282,glaciers,fixed,12.66987666491897,9.81891690375877,15.621611590109037
2283,glaciers,fixed,12.684867017380558,9.827703806731414,15.63449686768028
2284,glaciers,fixed,12.69798885198753,9.83635831086342,15.649212296146358
2285,glaciers,fixed,12.711170318393997,9.84505792771421,15.663131685172347
2286,glaciers,fixed,12.724669226806721,9.85533664918991,15.677246202237718
2287,glaciers,fixed,12.738953970261118,9.868367032668774,15.69143924720485
2288,glaciers,fixed,12.753343239782097,9.878856321736418,15.705400973126107
2289,glaciers,fixed,12.76623763620372,9.888592941368238,15.724414729697333
2290,glaciers,fixed,12.778881084263258,9.898233164996364,15.744913668307511
2291,glaciers,fixed,12.79185720700498,9.907924543465258,15.759913789602658
2292,glaciers,fixed,12.803897171551053,9.917546365040689,15.773263540058803
2293,glaciers,fixed,12.81633809171527,9.927244429898785,15.786554391935889
2294,glaciers,fixed,12.828817467872422,9.936832547393283,15.801971444638314
2295,glaciers,fixed,12.841537205611328,9.946356806547662,15.814144737325462
2296,glaciers,fixed,12.852825566332946,9.955963690529748,15.826453953818739
2297,glaciers,fixed,12.862410641342013,9.965526137858687,15.839301908251791
2298,glaciers,fixed,12.873086977298389,9.975316109345204,15.852924687132585
2299,glaciers,fixed,12.884661927945558,9.984030261803703,15.866393506183499
2300,glaciers,fixed,12.897292597310685,9.994600301251777,15.880055104761633
1990,glaciers,joint,-0.6663032249651273,-0.8935106608068273,-0.47346467776828005
1991,glaciers,joint,-0.6370501069386558,-0.8489612692546618,-0.45471000340967366
1992,glaciers,joint,-0.602868735317756,-0.8014307116258246,-0.4305631039506545
1993,glaciers,joint,-0.5857504108715501,-0.7748643218140299,-0.4187794742498588
1994,glaciers,joint,-0.5485075630263041,-0.7251191186855072,-0.39222173631381224
1995,glaciers,joint,-0.5161184319248777,-0.6793880478951293,-0.3693433169592634
1996,glaciers,joint,-0.4722576976513566,-0.6218539572377627,-0.336731880819197
1997,glaciers,joint,-0.43440363945829485,-0.5709872072528429,-0.3112049011903739
1998,glaciers,joint,-0.3895835677327757,-0.5116632658560535,-0.27998467176716074
1999,glaciers,joint,-0.3157287465349665,-0.41468542256579066,-0.22671699187670763
2000,glaciers,joint,-0.27504943738271637,-0.3619900669230506,-0.19773182608692358
2001,glaciers,joint,-0.22833118303044975,-0.3001763590261149,-0.164308425438073
2002,glaciers,joint,-0.1708002877792516,-0.22476919630227576,-0.12408883147229904
2003,glaciers,joint,-0.10978395427046772,-0.14412650543412786,-0.07979588309134794
2004,glaciers,joint,-0.04937321266096584,-0.06609841694440469,-0.035411335257465246
2005,glaciers,joint,0.00028835833475993056,-0.010465469875598021,0.00995228114450324
2006,glaciers,joint,0.07049868188633024,0.04730262151045674,0.09662303327872225
2007,glaciers,joint,0.15024733200883955,0.10602210046047117,0.19813498489726897
2008,glaciers,joint,0.21121740304421044,0.1504878041838873,0.27760379401005275
2009,glaciers,joint,0.2544047884290368,0.18169024105228954,0.33455048856778147
2010,glaciers,joint,0.3125217737860715,0.22330299454275912,0.4107741736809663
2011,glaciers,joint,0.40642729616264406,0.2921593014472437,0.5333574328193293
2012,glaciers,joint,0.4672273114588217,0.33703380613724065,0.6135147134045351
2013,glaciers,joint,0.5171195379542153,0.3752563177365244,0.6783925926943968
2014,glaciers,joint,0.5712665732271844,0.4134450078316112,0.7512496114055064
2015,glaciers,joint,0.6400300592718979,0.4635455064768339,0.8418138242631682
2016,glaciers,joint,0.7124937617223428,0.5178917432598251,0.9338709892590102
2017,glaciers,joint,0.8365301435948993,0.6091950500995631,1.0958186177355174
2018,glaciers,joint,0.9140843511370571,0.6651639233683766,1.1965066827882407
2019,glaciers,joint,0.9781604732522016,0.710549028825108,1.281863120615112
2020,glaciers,joint,1.0702991056101179,0.7776480421548378,1.4026699210602835
2021,glaciers,joint,1.1382099813342053,0.8277626943655043,1.4904695261438257
2022,glaciers,joint,1.2045975583518496,0.8774373454495303,1.5762381633483538
2023,glaciers,joint,1.2772601034514048,0.9296009010293038,1.6683411785370916
2024,glaciers,joint,1.3669966042368566,0.9954885921504647,1.7876915547239296
2025,glaciers,joint,1.458809151002336,1.0616505673374244,1.9055012342002442
2026,glaciers,joint,1.5498317228779368,1.1285043661504133,2.024113584098026
2027,glaciers,joint,1.6418970388478238,1.1930958052213327,2.145199562499146
2028,glaciers,joint,1.7346718862645414,1.26082869751319,2.263788942047036
2029,glaciers,joint,1.832079827183778,1.3269566668663244,2.3878949250544617
2030,glaciers,joint,1.9287061191892492,1.394835075549711,2.512694983944284
2031,glaciers,joint,2.0259976378548123,1.4681305299617224,2.6389249727139994
2032,glaciers,joint,2.1233435060161128,1.534087977778713,2.7645763745031027
2033,glaciers,joint,2.2207591764645693,1.6072307776114723,2.888797105041625
2034,glaciers,joint,2.316590461235797,1.683137764929825,3.014260603324111
2035,glaciers,joint,2.4153095261301294,1.7572971363533643,3.1528064717137454
2036,glaciers,joint,2.5164220278706515,1.830239949847443,3.2879610910415846
2037,glaciers,joint,2.616874341615773,1.9047253056957532,3.4234938003759106
2038,glaciers,joint,2.718193460465368,1.9763383507615804,3.5542744570217337
2039,glaciers,joint,2.8187555144129695,2.04835895814868,3.688138572867985
2040,glaciers,joint,2.919739731077102,2.1248314249764424,3.825907123736296
2041,glaciers,joint,3.0188404835525264,2.202120791569898,3.962287279351499
2042,glaciers,joint,3.1186560839018536,2.2781474735084806,4.093283298500979
2043,glaciers,joint,3.21227674538573,2.3476467692317744,4.235649140561787
2044,glaciers,joint,3.309550750944062,2.4182842141949172,4.379376549541558
2045,glaciers,joint,3.4061636862990343,2.485977574973755,4.517390840924416
2046,glaciers,joint,3.499978179169724,2.5523651738049207,4.6592501095555665
2047,glaciers,joint,3.5947258685601158,2.6172676319244905,4.802549158480236
2048,glaciers,joint,3.689884714778586,2.68312352574784,4.944941930933171
2049,glaciers,joint,3.7872649150266557,2.7537535582324395,5.086870675677917
2050,glaciers,joint,3.8822114104242926,2.826190263340658,5.225031884956882
2051,glaciers,joint,3.9771649620823495,2.898561358759887,5.362112118249546
2052,glaciers,joint,4.073956176133422,2.9663715329763445,5.5066198988814214
2053,glaciers,joint,4.165772440224272,3.0296583812382973,5.6450993337641036
2054,glaciers,joint,4.262466600927972,3.0932707865731564,5.778620806319301
2055,glaciers,joint,4.351624586974843,3.153472285381948,5.912328395382953
2056,glaciers,joint,4.4423004733718425,3.219187831537473,6.038577453415165
2057,glaciers,joint,4.530536420801116,3.2797237188614083,6.165136852558965
2058,glaciers,joint,4.621671614936452,3.3459467234279723,6.292492086173601
2059,glaciers,joint,4.708421641151839,3.414738049676576,6.421718581034298
2060,glaciers,joint,4.7962456378430245,3.485427269282836,6.5507783883981086
2061,glaciers,joint,4.880778192384012,3.5427731192868044,6.681682852585204
2062,glaciers,joint,4.967345913127297,3.5988837464037005,6.813816986475594
2063,glaciers,joint,5.048907003261059,3.655806541485812,6.934230580410825
2064,glaciers,joint,5.123875032300417,3.7161692456831537,7.051767369255241
2065,glaciers,joint,5.2037367779179,3.770945306661841,7.167321213678379
2066,glaciers,joint,5.281674551358231,3.824036831269229,7.287988729776222
2067,glaciers,joint,5.357896819265539,3.8754386814798814,7.399606427066299
2068,glaciers,joint,5.435288889258505,3.9209079129815008,7.523259085930424
2069,glaciers,joint,5.512323501983213,3.9733090193158604,7.636860769261374
2070,glaciers,joint,5.586622245356404,4.030896282586855,7.748042894466612
2071,glaciers,joint,5.66422388926151,4.087625381875272,7.853050631375483
2072,glaciers,joint,5.737898884640616,4.137532781332854,7.966183117946293
2073,glaciers,joint,5.809397935490859,4.185294903969557,8.077110251926683
2074,glaciers,joint,5.877841506661301,4.231835303903027,8.191542415590238
2075,glaciers,joint,5.946424713162184,4.277040872462504,8.285111480851759
2076,glaciers,joint,6.016698461633082,4.322852621932005,8.381928293168068
2077,glaciers,joint,6.08564556766108,4.368941490579495,8.49420012033627
2078,glaciers,joint,6.147335865560114,4.41804009462344,8.615450559606463
2079,glaciers,joint,6.21027595582737,4.458646285619602,8.712920761292478
2080,glaciers,joint,6.276990876640765,4.50491404637229,8.812659873999824
2081,glaciers,joint,6.335355903790906,4.554053504533422,8.910934187981425
2082,glaciers,joint,6.393954885055917,4.590650474166425,8.996721907428732
2083,glaciers,joint,6.45261116684536,4.628557288403945,9.113082574609315
2084,glaciers,joint,6.5130869299891465,4.663131404059595,9.21090515614459
2085,glaciers,joint,6.570733993866401,4.699145869458895,9.290778225335028
2086,glaciers,joint,6.627665955483541,4.741508527551687,9.366502643066395
2087,glaciers,joint,6.680742331733564,4.778126365733991,9.459854643911335
2088,glaciers,joint,6.731974377549571,4.811035387109154,9.551605561243926
2089,glaciers,joint,6.783608301076828,4.844981621828477,9.64138298717352
2090,glaciers,joint,6.833013309246278,4.880754458165185,9.729161422113357
2091,glaciers,joint,6.880199015351453,4.916362995717313,9.815873528677916
2092,glaciers,joint,6.9335824641973804,4.947530851781148,9.898762931780315
2093,glaciers,joint,6.983172042192431,4.977810889111288,9.97963153957768
2094,glaciers,joint,7.031181688101848,5.009209391868805,10.056562160331003
2095,glaciers,joint,7.078649555143521,5.039543414464139,10.126305796189706
2096,glaciers,joint,7.125230777843118,5.073606157809863,10.214721261708457
2097,glaciers,joint,7.172374274896738,5.100131644862939,10.291220128033661
2098,glaciers,joint,7.215409862400525,5.130398909496006,10.36792213561116
2099,glaciers,joint,7.26122364024047,5.154996602758446,10.438260519504427
2100,glaciers,joint,7.304049905757649,5.18239920683202,10.510753640157972
2101,glaciers,joint,7.344066800152907,5.210263594556751,10.582254816897422
2102,glaciers,joint,7.392868693103365,5.2325310109001055,10.661447186047289
2103,glaciers,joint,7.431777458005891,5.254331002574547,10.73527669804613
2104,glaciers,joint,7.469246863303857,5.2784328954783994,10.789048110313276
2105,glaciers,joint,7.508364763947256,5.300447635667092,10.855897681127082
2106,glaciers,joint,7.5455492117399166,5.3255278533787935,10.919743893693202
2107,glaciers,joint,7.5835951645235955,5.348143446454124,10.973422572471948
2108,glaciers,joint,7.61699589438153,5.370274836369005,11.02608514183454
2109,glaciers,joint,7.653361610721928,5.392260979171751,11.077264378985047
2110,glaciers,joint,7.686445542993239,5.413794894836373,11.127323192573312
2111,glaciers,joint,7.718747858132548,5.440197638228018,11.184266380122041
2112,glaciers,joint,7.752875880850212,5.466713681761899,11.237407950701597
2113,glaciers,joint,7.787919201324079,5.491092016781075,11.296930890832709
2114,glaciers,joint,7.825259254779471,5.508845831914929,11.355655361234527
2115,glaciers,joint,7.859827009488242,5.526490082334675,11.413292171428052
2116,glaciers,joint,7.891689403791643,5.550209562825457,11.469818350612186
2117,glaciers,joint,7.923501662011589,5.571282484432381,11.5251271354248
2118,glaciers,joint,7.9561265234855,5.594289878088718,11.579227536026549
2119,glaciers,joint,7.985774104330787,5.61720272324892,11.632179881183463
2120,glaciers,joint,8.01502182530153,5.6363674294444746,11.68408733938283
2121,glaciers,joint,8.043873780251953,5.660255831958222,11.735194449276182
2122,glaciers,joint,8.081129595629783,5.678864252731109,11.78576596695129
2123,glaciers,joint,8.112483423278928,5.694081793007586,11.83572577966887
2124,glaciers,joint,8.140168455577886,5.708454724273018,11.881722919092098
2125,glaciers,joint,8.165735688277909,5.724152745564054,11.921980277444948
2126,glaciers,joint,8.19564830251434,5.743103593441471,11.961446527235227
2127,glaciers,joint,8.222358136588639,5.761731052334087,11.999664364330636
2128,glaciers,joint,8.244998978176369,5.780998831756052,12.037034525244303
2129,glaciers,joint,8.265411923724086,5.8003154980838865,12.07351484509942
2130,glaciers,joint,8.28749949458045,5.8168943719531825,12.109070123978505
2131,glaciers,joint,8.314075852588424,5.832758155869793,12.143952858751351
2132,glaciers,joint,8.337018203289126,5.849675437268493,12.188642856547414
2133,glaciers,joint,8.361631924977804,5.866288163822904,12.242622943257514
2134,glaciers,joint,8.388855685224874,5.880327027571544,12.295926044739433
2135,glaciers,joint,8.41536831600548,5.895860641769047,12.336647563708825
2136,glaciers,joint,8.439941123557368,5.911077705345039,12.371497034803072
2137,glaciers,joint,8.463080491175752,5.925131147043203,12.41206556662976
2138,glaciers,joint,8.48403381004599,5.937978469544233,12.451972930162679
2139,glaciers,joint,8.505228045606348,5.950532133205433,12.480436953672397
2140,glaciers,joint,8.524436421136294,5.963018958755884,12.508286664470997
2141,glaciers,joint,8.543141190526809,5.9752832614622555,12.53563736421453
2142,glaciers,joint,8.561648787187647,5.98744510976084,12.562696811463782
2143,glaciers,joint,8.581223176972934,5.9998065877963045,12.599536499504442
2144,glaciers,joint,8.60176983579068,6.01480807397406,12.639176740331578
2145,glaciers,joint,8.623263313068536,6.030004258453106,12.678555062230146
2146,glaciers,joint,8.643108003374596,6.044712503465597,12.717591241207032
2147,glaciers,joint,8.669068677472643,6.059833195234915,12.756109097083133
2148,glaciers,joint,8.693380576082781,6.073384473126347,12.794131625152698
2149,glaciers,joint,8.714154455000973,6.082234126235435,12.831637826730885
2150,glaciers,joint,8.729909324065424,6.093120305294259,12.86634801459241
2151,glaciers,joint,8.743048674243607,6.104686622984489,12.897721860885953
2152,glaciers,joint,8.75902981089704,6.116323879569228,12.928630964020641
2153,glaciers,joint,8.780360187689157,6.1278626816324655,12.958889097441977
2154,glaciers,joint,8.798875165926436,6.139374634706789,12.988886274015133
2155,glaciers,joint,8.817467279371593,6.150423598626841,13.018705035606374
2156,glaciers,joint,8.83687937420619,6.162128798591552,13.048282234247361
2157,glaciers,joint,8.854911857288965,6.173267383117783,13.077549361507765
2158,glaciers,joint,8.872444221180821,6.184500290665945,13.107698864829253
2159,glaciers,joint,8.889792161314553,6.195633590183396,13.146140544090466
2160,glaciers,joint,8.904673769858658,6.206593518467749,13.17245729012
2161,glaciers,joint,8.919247381071736,6.217390923546751,13.189910922745872
2162,glaciers,joint,8.934393269299978,6.2293501486872245,13.216887239276627
2163,glaciers,joint,8.94975641684266,6.241682111259026,13.243559740573323
2164,glaciers,joint,8.963998322133055,6.254001170899981,13.270059924241046
2165,glaciers,joint,8.976313983332469,6.266360048288087,13.296479507820004
2166,glaciers,joint,8.992918590628637,6.277571708456052,13.322577718014136
2167,glaciers,joint,9.010243024558367,6.287486054784099,13.34725622793897
2168,glaciers,joint,9.028671508508594,6.297378724140362,13.37167575462365
2169,glaciers,joint,9.047360485626992,6.306930615967793,13.395761314230178
2170,glaciers,joint,9.065959554603644,6.316436778206771,13.419503938703032
2171,glaciers,joint,9.082465952846245,6.325585760036374,13.442927686629519
2172,glaciers,joint,9.10039633674851,6.334604908679413,13.46607442684813
2173,glaciers,joint,9.11671123576522,6.3435457994204185,13.489011807914482
2174,glaciers,joint,9.134784291933878,6.352541216303429,13.513488976514582
2175,glaciers,joint,9.152143061644852,6.361652362962356,13.545463078190403
2176,glaciers,joint,9.166014018159268,6.372680173197981,13.571017897190986
2177,glaciers,joint,9.1814169266794,6.383777408146707,13.601117459992192
2178,glaciers,joint,9.19607124822349,6.394875647423637,13.629630041341313
2179,glaciers,joint,9.206761107929253,6.403654327404252,13.648183208309419
2180,glaciers,joint,9.218598646450685,6.414131304380256,13.666248802872046
2181,glaciers,joint,9.23056280495468,6.424267513343192,13.701427674450267
2182,glaciers,joint,9.24578120018183,6.431933169769864,13.726864021458537
2183,glaciers,joint,9.259738942413996,6.439501383939936,13.749446399971207
2184,glaciers,joint,9.27077925011546,6.446985185426756,13.771011326356561
2185,glaciers,joint,9.281688519175656,6.454444457959545,13.792264165956361
2186,glaciers,joint,9.293199908434822,6.461889315751154,13.813375836060587
2187,glaciers,joint,9.307300760063116,6.470123925354342,13.834470966297745
2188,glaciers,joint,9.323735433591226,6.480162016963801,13.853450120180375
2189,glaciers,joint,9.341624213457285,6.490909621814631,13.86949788412934
2190,glaciers,joint,9.357769003049494,6.501662225670225,13.885538396778927
2191,glaciers,joint,9.374586085773117,6.5123460737449514,13.901427192518122
2192,glaciers,joint,9.391803960743768,6.5229242797175795,13.919956400313069
2193,glaciers,joint,9.409050503672514,6.533396461840704,13.94033962461295
2194,glaciers,joint,9.423108953338929,6.5437816350323725,13.968507140527189
2195,glaciers,joint,9.435383010823992,6.554094794175407,13.991129224406812
2196,glaciers,joint,9.446996330636487,6.5643673690813635,14.011917762188038
2197,glaciers,joint,9.45909129597724,6.574668724629312,14.039849204440817
2198,glaciers,joint,9.472854795368157,6.585043859062121,14.06252274325746
2199,glaciers,joint,9.48671097648252,6.595485687819528,14.083270180758173
2200,glaciers,joint,9.50226396729212,6.6059304834231325,14.103684611710369
2201,glaciers,joint,9.515602468001372,6.616325812242545,14.123698275025689
2202,glaciers,joint,9.527829494180331,6.626618916815197,14.143525738127165
2203,glaciers,joint,9.53776971412149,6.636814521005334,14.163157290286083
2204,glaciers,joint,9.550057629922506,6.646921288594318,14.181081176494642
2205,glaciers,joint,9.562885414283748,6.656927696561533,14.19348318876053
2206,glaciers,joint,9.575600123122491,6.666849770309484,14.205711159693303
2207,glaciers,joint,9.586615046612371,6.676815304796242,14.217789277461284
2208,glaciers,joint,9.598019847208505,6.68672615111707,14.235553318939278
2209,glaciers,joint,9.606821516135202,6.6941488725566405,14.254099266011309
2210,glaciers,joint,9.615642794390212,6.700633708686446,14.273495203883858
2211,glaciers,joint,9.630203851093441,6.707145869197686,14.292493777837171
2212,glaciers,joint,9.645834949851997,6.713660278690962,14.311102546975569
2213,glaciers,joint,9.6576969295846,6.720153535962136,14.329646649756477
2214,glaciers,joint,9.669012894378348,6.726586276957062,14.358946805879565
2215,glaciers,joint,9.678853063962043,6.732944390939007,14.381536466473289
2216,glaciers,joint,9.689212481475996,6.740399761307973,14.398005852400026
2217,glaciers,joint,9.708189782699446,6.7506937063847685,14.414198393680214
2218,glaciers,joint,9.721405369477976,6.7609015792728355,14.43017617337358
2219,glaciers,joint,9.734494271805262,6.769223254731665,14.44598746229907
2220,glaciers,joint,9.749120798302844,6.779251327069409,14.461731557620395
2221,glaciers,joint,9.761651249775156,6.789337250726403,14.480458517975556
2222,glaciers,joint,9.771683241425649,6.7995075382999435,14.500640780272537
2223,glaciers,joint,9.781687164508917,6.807499793183113,14.520890339778475
2224,glaciers,joint,9.791762865727062,6.813884171398259,14.541141007576382
2225,glaciers,joint,9.804636979492672,6.820248491910188,14.561308190051802
2226,glaciers,joint,9.817221445722293,6.826539589361937,14.581349945232937
2227,glaciers,joint,9.827761081571893,6.8327176070526,14.60123542825321
2228,glaciers,joint,9.839180142909676,6.838791179360009,14.620980736243485
2229,glaciers,joint,9.850451838036335,6.844768912703078,14.64059591009532
2230,glaciers,joint,9.861114801747725,6.850693839361872,14.660124950379764
2231,glaciers,joint,9.870837969193847,6.856635558320521,14.67761909215314
2232,glaciers,joint,9.881871205426528,6.862630087444989,14.69501164999188
2233,glaciers,joint,9.895986732549321,6.868868914572569,14.719158878489026
2234,glaciers,joint,9.910047251116033,6.875225308981883,14.738705125009544
2235,glaciers,joint,9.923587225924177,6.881585298459409,14.757023305943274
2236,glaciers,joint,9.935693436390821,6.887910574719775,14.778095675442891
2237,glaciers,joint,9.94855270251356,6.894151523012881,14.797464806514474
2238,glaciers,joint,9.962705546214492,6.897853827019513,14.816548847432637
2239,glaciers,joint,9.976427548044745,6.904112303948908,14.83503577777524
2240,glaciers,joint,9.9900101439701,6.911498921601808,14.850617821575007
2241,glaciers,joint,10.003255214388158,6.916797595370763,14.86613024561843
2242,glaciers,joint,10.01523677710563,6.922099952188629,14.881693861381876
2243,glaciers,joint,10.032284286190237,6.927421544617723,14.897378255378307
2244,glaciers,joint,10.04827603460063,6.932785075547628,14.91312789816781
2245,glaciers,joint,10.057887054782435,6.938348690882225,14.928874441062685
2246,glaciers,joint,10.066786051627957,6.9438950495047695,14.944512483004342
2247,glaciers,joint,10.077614225854441,6.9493716374688566,14.959969873195643
2248,glaciers,joint,10.090030755862664,6.954782769294846,14.975253194496013
2249,glaciers,joint,10.102827634097125,6.960124592139403,14.990346292776346
2250,glaciers,joint,10.114616628210271,6.966201253219071,15.012147751263356
2251,glaciers,joint,10.123204588339629,6.973974808464676,15.036316755492026
2252,glaciers,joint,10.133889176642267,6.981646574670267,15.060331094499116
2253,glaciers,joint,10.143514258038396,6.98743687204743,15.08422227542007
2254,glaciers,joint,10.154255401859654,6.9929053535932,15.10803805549186
2255,glaciers,joint,10.165042943114422,6.9984279164521705,15.131818057388433
2256,glaciers,joint,10.175867644796199,7.003996138626351,15.154007941740277
2257,glaciers,joint,10.186706804710475,7.009607236462238,15.172434926707172
2258,glaciers,joint,10.19704638730649,7.015281666880327,15.20247210519623
2259,glaciers,joint,10.205144206455094,7.020918643780554,15.22424500138794
2260,glaciers,joint,10.213163788315498,7.026492473123413,15.240952131594693
2261,glaciers,joint,10.223501632721753,7.031970480311389,15.265175588976884
2262,glaciers,joint,10.233422166412023,7.037346948841513,15.289220205889466
2263,glaciers,joint,10.244050023528418,7.042646236405378,15.313114299501505
2264,glaciers,joint,10.252984468219662,7.047895883376935,15.336885754780422
2265,glaciers,joint,10.262133906699226,7.053146838078136,15.360590741548872
2266,glaciers,joint,10.270570858508826,7.058458590168482,15.377458019053446
2267,glaciers,joint,10.279025550424869,7.063861719887795,15.389035606772469
2268,glaciers,joint,10.287791840710117,7.069370314176953,15.401822535698397
2269,glaciers,joint,10.298341612795031,7.0749070693052385,15.425818505006289
2270,glaciers,joint,10.30904162097077,7.080405441073234,15.449662146826025
2271,glaciers,joint,10.31931780575558,7.085817387629412,15.47321912607863
2272,glaciers,joint,10.331759012168806,7.091127351964668,15.496393101470547
2273,glaciers,joint,10.342939793751123,7.096332606999857,15.519230572304973
2274,glaciers,joint,10.35195234945088,7.101456192077797,15.541793455369252
2275,glaciers,joint,10.360912473564387,7.1067822061846195,15.56407900848253
2276,glaciers,joint,10.369046406671357,7.112337836725326,15.586137547747503
2277,glaciers,joint,10.376615138869528,7.117908280659011,15.608304465463565
2278,glaciers,joint,10.385556805383796,7.123477512285835,15.630247055766912
2279,glaciers,joint,10.394798427223078,7.1290284513758575,15.644884701136657
2280,glaciers,joint,10.403966508233463,7.134541509911819,15.659409947038984
2281,glaciers,joint,10.413897123503109,7.139991317401155,15.673697944914142
2282,glaciers,joint,10.423672643294843,7.145373766740961,15.68763930432066
2283,glaciers,joint,10.434333163699641,7.1507078245911,15.700751942495549
2284,glaciers,joint,10.441561497804981,7.15600550901058,15.713690905330695
2285,glaciers,joint,10.45135069729244,7.161275705759721,15.726550440195812
2286,glaciers,joint,10.464431782075122,7.1665535802142575,15.739489345537125
2287,glaciers,joint,10.477950977334963,7.171865410231371,15.75263656578741
2288,glaciers,joint,10.48773764093383,7.17720299674661,15.765972423287137
2289,glaciers,joint,10.495579457296936,7.182543909201881,15.774645617235016
2290,glaciers,joint,10.502871625085964,7.187836252498508,15.786071489791073
2291,glaciers,joint,10.511684843040866,7.193072383986323,15.806615735721318
2292,glaciers,joint,10.523009909674979,7.198246422427102,15.820139755341348
2293,glaciers,joint,10.529884434875218,7.203352871005793,15.833395326700423
2294,glaciers,joint,10.536632776766009,7.208396991814267,15.846404799422361
2295,glaciers,joint,10.544988248448107,7.21340013169559,15.859263222800177
2296,glaciers,joint,10.553162395875848,7.21839953448937,15.872140543736155
2297,glaciers,joint,10.558791418511206,7.2234176481203445,15.885152106914585
2298,glaciers,joint,10.56613876584558,7.228467496465433,15.898367764867281
2299,glaciers,joint,10.57428781944667,7.232774764805047,15.9117165870359
2300,glaciers,joint,10.58245358969523,7.236932485034678,15.92502146287125
1990,gis,fixed,-0.524945807220234,-0.5418551406629009,-0.5116648105161671
1991,gis,fixed,-0.5271460777658685,-0.5430054649078523,-0.5147645328319294
1992,gis,fixed,-0.5031893649261585,-0.5178776302405472,-0.49103254705066945
1993,gis,fixed,-0.5136415940465091,-0.5280292836167109,-0.5017121359295387
1994,gis,fixed,-0.5256164082102939,-0.5454113015833543,-0.5079401084445034
1995,gis,fixed,-0.5226012719630542,-0.5418236360222155,-0.5054880251927141
1996,gis,fixed,-0.513361732080265,-0.5313877609700822,-0.4973264946313712
1997,gis,fixed,-0.464909141381165,-0.4793702449529952,-0.4521069711253093
1998,gis,fixed,-0.436852752424822,-0.4487381717481959,-0.4248882396121679
1999,gis,fixed,-0.3964279917183817,-0.406831057921695,-0.3853483824555132
2000,gis,fixed,-0.374957680223472,-0.3865724335390116,-0.3624309729515067
2001,gis,fixed,-0.3237612946467645,-0.337294832831802,-0.31026696466624853
2002,gis,fixed,-0.26210529188967957,-0.27671918806765233,-0.24804555242244886
2003,gis,fixed,-0.21078159996188495,-0.22798035642625875,-0.19453270004425377
2004,gis,fixed,-0.07853539771098372,-0.08369056734909486,-0.07283710916225665
2005,gis,fixed,-0.002207293765686291,-0.007418052670869368,0.003946133359568101
2006,gis,fixed,0.10332130217628599,0.09998984910708172,0.10757759082966523
2007,gis,fixed,0.16482305851487,0.1597487905020493,0.17109286632471568
2008,gis,fixed,0.23673082400225187,0.2294224496364333,0.24525995573215367
2009,gis,fixed,0.27762838910174814,0.26674683916702635,0.28981952895574653
2010,gis,fixed,0.33169000546045924,0.31705919806615895,0.34716451314026986
2011,gis,fixed,0.5413272565955176,0.5174880423851295,0.5655507379640187
2012,gis,fixed,0.5721421912716727,0.5519812933894487,0.5921928605418482
2013,gis,fixed,0.6514066066622513,0.6295142286815497,0.6719514317488408
2014,gis,fixed,0.708030839215608,0.6865087776449714,0.727632449434226
2015,gis,fixed,0.7814567232696863,0.7579412875200792,0.80253935614429
2016,gis,fixed,0.7805912073554735,0.7580528711817417,0.8007105159061523
2017,gis,fixed,0.8952506055759426,0.867201135536548,0.9205922512940758
2018,gis,fixed,0.9437300434607656,0.9159996283051176,0.9687587796846836
2019,gis,fixed,0.9733953095349839,0.9457135644943363,0.9998997737666406
2020,gis,fixed,1.0686389864508392,1.0375298199449725,1.0978245888896676
2021,gis,fixed,1.1219997454079311,1.0888161197080024,1.152979894781874
2022,gis,fixed,1.2175174269653737,1.180666640082949,1.2512659863213915
2023,gis,fixed,1.2579463451091777,1.2196798403219147,1.294192902718094
2024,gis,fixed,1.3025997205620623,1.2601947660715855,1.3421103728043702
2025,gis,fixed,1.3350079253554585,1.288535565716363,1.3773816584158087
2026,gis,fixed,1.4026801968157558,1.3534230984272804,1.449813320985518
2027,gis,fixed,1.4728692367259986,1.419952677555317,1.5236228343873623
2028,gis,fixed,1.544395179860401,1.487036416765161,1.598677121491876
2029,gis,fixed,1.6162304901479234,1.554272342773814,1.6754911690055192
2030,gis,fixed,1.6884380820594034,1.6223910763775464,1.7534203251041467
2031,gis,fixed,1.7620470521451792,1.6909170521237356,1.8335353342256147
2032,gis,fixed,1.836528670237079,1.7596564238624408,1.9134248123021507
2033,gis,fixed,1.9127682378912754,1.830606518975853,1.994888393960263
2034,gis,fixed,1.9890095434891348,1.9010893783774978,2.0780112484751965
2035,gis,fixed,2.0671476005620515,1.9736477911586874,2.1617900421914005
2036,gis,fixed,2.1460337444730726,2.0459930658650447,2.24834032307841
2037,gis,fixed,2.227369566514726,2.1197807327943465,2.335856725424258
2038,gis,fixed,2.309602866427933,2.1949947032592743,2.4241319981017546
2039,gis,fixed,2.391952557846361,2.27089934168031,2.5150743000510323
2040,gis,fixed,2.4760316833320783,2.3465333103275983,2.6070397614502565
2041,gis,fixed,2.5606629382488073,2.422641077509387,2.7017520289199695
2042,gis,fixed,2.6438168173861434,2.498004078009227,2.790981013561693
2043,gis,fixed,2.727744112119506,2.5731030267885355,2.884362306234
2044,gis,fixed,2.8112805226167015,2.6466893309324586,2.9761571640467857
2045,gis,fixed,2.894161797019695,2.720065139452167,3.0686323182199158
2046,gis,fixed,2.9780667455197865,2.796230830780134,3.1609469568680173
2047,gis,fixed,3.0632702124140265,2.8704118252278,3.2560971983576517
2048,gis,fixed,3.1484925324571496,2.9451546310397347,3.3523660032243887
2049,gis,fixed,3.233822290997752,3.020976337385393,3.4483470042753934
2050,gis,fixed,3.320718971369409,3.097696443394944,3.545287939493935
2051,gis,fixed,3.4076138704149543,3.1743264911244227,3.6429021757833224
2052,gis,fixed,3.4931827633622903,3.2493497025116445,3.738006390044419
2053,gis,fixed,3.578568173863264,3.32500639300121,3.833214183843297
2054,gis,fixed,3.662687830979307,3.3982609756128417,3.9274673748396594
2055,gis,fixed,3.7463235703587006,3.4710702541085823,4.020304771192057
2056,gis,fixed,3.8284596095589234,3.5419520689107338,4.112022381520749
2057,gis,fixed,3.911122987408852,3.6129505997275673,4.206251754494566
2058,gis,fixed,3.993038851834116,3.6848080326759094,4.2986633192931185
2059,gis,fixed,4.075944156278991,3.757034388389203,4.391701860588418
2060,gis,fixed,4.160516327901499,3.830318270111132,4.484575351048089
2061,gis,fixed,4.244093957409128,3.9016849537818885,4.579604596150321
2062,gis,fixed,4.325811516852499,3.9724559722656734,4.673312643995587
2063,gis,fixed,4.40728266943707,4.04250904223013,4.7673421983265944
2064,gis,fixed,4.487411882253809,4.110818683624083,4.858874790574803
2065,gis,fixed,4.567544185692784,4.18046682621917,4.949193219361942
2066,gis,fixed,4.6454761879171595,4.249041454925583,5.039761865079511
2067,gis,fixed,4.722931906036481,4.316350182350979,5.127837797336192
2068,gis,fixed,4.798937198656093,4.383432019273402,5.213958244999562
2069,gis,fixed,4.874388101571569,4.448522925676441,5.2989577391012315
2070,gis,fixed,4.949207347897934,4.511907321873872,5.384283929764077
2071,gis,fixed,5.022912940491416,4.575355039241615,5.470572498335552
2072,gis,fixed,5.09582721058097,4.639018769883541,5.55602118106942
2073,gis,fixed,5.169921435261829,4.701521698748884,5.640843216125178
2074,gis,fixed,5.242556806833733,4.762893262190448,5.725323232766934
2075,gis,fixed,5.313899637947197,4.823993724924199,5.80993450284126
2076,gis,fixed,5.385621097020364,4.885506061539898,5.895494313842334
2077,gis,fixed,5.456420417995288,4.946666900371471,5.976982433937271
2078,gis,fixed,5.523201917853074,5.005080651367039,6.0548385353971925
2079,gis,fixed,5.589132294822151,5.061167277987222,6.133618575486575
2080,gis,fixed,5.654386564773624,5.11779689149981,6.210884342595154
2081,gis,fixed,5.720050288214659,5.171332736971529,6.288912599572838
2082,gis,fixed,5.784918727932502,5.227525752977918,6.366254971580995
2083,gis,fixed,5.849541545296282,5.281992519911698,6.443520934648854
2084,gis,fixed,5.914659039848269,5.3346980523808,6.521459982825277
2085,gis,fixed,5.978457726028287,5.386537734920703,6.598395617625619
2086,gis,fixed,6.038867857289939,5.4365678918881555,6.672537732234923
2087,gis,fixed,6.099846875252032,5.485387504927549,6.746172006724814
2088,gis,fixed,6.159384708278296,5.534680179479064,6.81778512248934
2089,gis,fixed,6.217749684722769,5.582913810089804,6.885401534542436
2090,gis,fixed,6.273996950340165,5.62980484117512,6.9507449789812314
2091,gis,fixed,6.3301021481940865,5.675968590533141,7.014615701219111
2092,gis,fixed,6.38469238173499,5.7197270553268895,7.080798302346635
2093,gis,fixed,6.435885391014825,5.762301555984238,7.142325286318728
2094,gis,fixed,6.488677636069939,5.804414546163264,7.206887911320411
2095,gis,fixed,6.540880086058622,5.847967514328261,7.270127095802966
2096,gis,fixed,6.593379354301831,5.888866293772902,7.332168434784139
2097,gis,fixed,6.646456862625895,5.931452260634981,7.39801601090317
2098,gis,fixed,6.698220365511313,5.973187958121322,7.4563012084051445
2099,gis,fixed,6.745830070417571,6.0091279796088894,7.514377422155032
2100,gis,fixed,6.790331755454368,6.043994714136994,7.572517371582786
2101,gis,fixed,6.833373479510873,6.079928775322958,7.630342774097611
2102,gis,fixed,6.878601195243975,6.118877570869262,7.686449395731976
2103,gis,fixed,6.923667318835024,6.157614576051237,7.741039086598914
2104,gis,fixed,6.968716083464367,6.1966717557166,7.7930909016904595
2105,gis,fixed,7.011917844479665,6.234753692751056,7.847611451385651
2106,gis,fixed,7.054661784234736,6.270289680938373,7.89841542854959
2107,gis,fixed,7.099286683104101,6.305780330858785,7.954648798211805
2108,gis,fixed,7.141093001591173,6.339755285858649,8.007442647968238
2109,gis,fixed,7.180171554257372,6.374166804313873,8.06059466570916
2110,gis,fixed,7.2191794811179,6.407699097037641,8.106951798983085
2111,gis,fixed,7.256471557531119,6.4399302900683715,8.160000768686896
2112,gis,fixed,7.2948094965299095,6.4706795540723325,8.203611491724342
2113,gis,fixed,7.334014209833965,6.498926595294625,8.253411652192524
2114,gis,fixed,7.372927403137466,6.526677330024064,8.301748709297717
2115,gis,fixed,7.4097644475499465,6.552832840675404,8.344199106576706
2116,gis,fixed,7.447076722338533,6.5763562224002055,8.390337338805057
2117,gis,fixed,7.4819661688112795,6.603187497501405,8.438425211532188
2118,gis,fixed,7.517200508472247,6.633086182525551,8.48675006108398
2119,gis,fixed,7.552383447957347,6.6596052578520775,8.53311694811885
2120,gis,fixed,7.585582896758251,6.685958844273448,8.57300638384788
2121,gis,fixed,7.616962882314178,6.712373092169497,8.612836442869325
2122,gis,fixed,7.650066809771841,6.7359240013041255,8.659188857118044
2123,gis,fixed,7.680025804836942,6.760963154073514,8.70473068963906
2124,gis,fixed,7.708737862853738,6.785270575462129,8.747940244758029
2125,gis,fixed,7.739194894681173,6.803802603661575,8.787062892120504
2126,gis,fixed,7.768658044947196,6.825680361243364,8.829750296885011
2127,gis,fixed,7.800891408860672,6.8525145528324005,8.873781027505668
2128,gis,fixed,7.830303074028251,6.8766349892099035,8.916820651146516
2129,gis,fixed,7.858515717944531,6.897466230383067,8.959360502069456
2130,gis,fixed,7.885301399911732,6.919734285868911,8.99957937340985
2131,gis,fixed,7.913859841160372,6.940165941388958,9.04091844764531
2132,gis,fixed,7.944099342645332,6.962436060179263,9.078826715557165
2133,gis,fixed,7.971320076965023,6.980912051913105,9.11565089638569
2134,gis,fixed,7.999173461725883,7.0015855268070135,9.15497402526084
2135,gis,fixed,8.025762686462174,7.020442580120088,9.192695662314327
2136,gis,fixed,8.051594187625529,7.037902946260767,9.233321573096033
2137,gis,fixed,8.077668938558146,7.059966957994216,9.268860461248659
2138,gis,fixed,8.108734107751978,7.073410245222129,9.30782472046306
2139,gis,fixed,8.137703146461213,7.091266118990022,9.344405854208803
2140,gis,fixed,8.161741740780002,7.108744876594622,9.38440321690045
2141,gis,fixed,8.18680254928241,7.125623406134064,9.422849772637704
2142,gis,fixed,8.213279990512728,7.141733507684571,9.454956484854048
2143,gis,fixed,8.237298936074362,7.156651694120523,9.487698186333438
2144,gis,fixed,8.260540313802593,7.173482792381968,9.51816053079866
2145,gis,fixed,8.285308942201866,7.19426818787826,9.545809732473542
2146,gis,fixed,8.30719842854397,7.210213336143981,9.573229885082863
2147,gis,fixed,8.331289498733454,7.22379837102061,9.59964381574335
2148,gis,fixed,8.354618357640266,7.236865209680128,9.62905196455049
2149,gis,fixed,8.377328114851053,7.250902602629337,9.659845502033338
2150,gis,fixed,8.398943931398563,7.269657313886765,9.691964266821097
2151,gis,fixed,8.418995966919294,7.280293855543242,9.724725540227528
2152,gis,fixed,8.438169360644489,7.289690937254051,9.752989701713288
2153,gis,fixed,8.459785416614967,7.301768839239588,9.786005731769107
2154,gis,fixed,8.482390724811665,7.316549008017221,9.818368019783534
2155,gis,fixed,8.503182873581594,7.334806950344325,9.852089723755947
2156,gis,fixed,8.523291083136986,7.352613763432393,9.877417143554002
2157,gis,fixed,8.541745505934028,7.368409446839808,9.900112253596518
2158,gis,fixed,8.561920609984952,7.382471568763473,9.930551436726715
2159,gis,fixed,8.582582104996916,7.3954237728076535,9.959199964220746
2160,gis,fixed,8.600385055792934,7.408642869687394,9.988609916052019
2161,gis,fixed,8.621613145366144,7.424601107609933,10.01518398212632
2162,gis,fixed,8.646069495065989,7.4376479041192765,10.041721598041184
2163,gis,fixed,8.668380603924888,7.449524932275238,10.071850360433869
2164,gis,fixed,8.690649905546195,7.463259023228014,10.102393206599226
2165,gis,fixed,8.710610800702465,7.476124529140262,10.131779449641698
2166,gis,fixed,8.730683013153627,7.485384660354242,10.158733090388347
2167,gis,fixed,8.751511808943272,7.496302689976591,10.184461923122424
2168,gis,fixed,8.773202812765854,7.510059067501662,10.214726659194376
2169,gis,fixed,8.790927013944327,7.52234601704485,10.2421040276862
2170,gis,fixed,8.808957697267763,7.534269976835695,10.270023525939985
2171,gis,fixed,8.828074103787895,7.551690857622065,10.299105770729735
2172,gis,fixed,8.847065375343082,7.567553072302993,10.325647199874219
2173,gis,fixed,8.865673623110332,7.580020390566964,10.3548916928108
2174,gis,fixed,8.885423339435498,7.592553005397301,10.387311625849081
2175,gis,fixed,8.908096121234188,7.607224839778781,10.417365423204375
2176,gis,fixed,8.926523288912087,7.6198248637287564,10.44728594027429
2177,gis,fixed,8.945311215263386,7.630810287772246,10.477976258410624
2178,gis,fixed,8.964635438040691,7.640867330776583,10.507974470392934
2179,gis,fixed,8.984053733800527,7.654243393366847,10.537577763166425
2180,gis,fixed,9.004499770029467,7.66677230585058,10.562907701006216
2181,gis,fixed,9.02554188069324,7.677970758437347,10.588218493684062
2182,gis,fixed,9.045068593183192,7.6899256473831485,10.616011974131947
2183,gis,fixed,9.06044829505998,7.702037806228401,10.64868964824989
2184,gis,fixed,9.08014930241119,7.713912672013556,10.683526171350543
2185,gis,fixed,9.104248638183162,7.726023143895658,10.717799024463822
2186,gis,fixed,9.125884776304208,7.738470942474839,10.743064306403003
2187,gis,fixed,9.14345612583023,7.749936610477039,10.7669961998182
2188,gis,fixed,9.163524224668427,7.761663719098906,10.790336191987974
2189,gis,fixed,9.18031344358878,7.774127088739072,10.81261988255302
2190,gis,fixed,9.19660038411703,7.784012057909077,10.837941387903278
2191,gis,fixed,9.214806647349985,7.794536254049165,10.863923207318766
2192,gis,fixed,9.232275199819112,7.805732857100165,10.88972718115938
2193,gis,fixed,9.248165250211411,7.817732790175088,10.916635953843302
2194,gis,fixed,9.264243441035333,7.829284239118297,10.943445398506851
2195,gis,fixed,9.28156288756582,7.841542932763419,10.971105497734383
2196,gis,fixed,9.297806567419226,7.85344288461063,10.996963992789771
2197,gis,fixed,9.313717568464224,7.8659085114052205,11.021171127186385
2198,gis,fixed,9.328319518289298,7.878139364548908,11.045090618360994
2199,gis,fixed,9.34487136088692,7.890091704461535,11.068672461121839
2200,gis,fixed,9.361781144045164,7.90063506589443,11.095598418341867
2201,gis,fixed,9.378183355453624,7.9119044157025185,11.125527878798374
2202,gis,fixed,9.397132210847836,7.923054995455495,11.148628061061
2203,gis,fixed,9.416719023655409,7.933627914326779,11.176689837216225
2204,gis,fixed,9.435305160621237,7.944874087961511,11.205731314220161
2205,gis,fixed,9.453685499181848,7.958334696803257,11.235485705676204
2206,gis,fixed,9.473580409645972,7.972002038017788,11.258759616101937
2207,gis,fixed,9.493439500451586,7.986234522549856,11.28235002786034
2208,gis,fixed,9.513482480245361,7.999265067515638,11.305249452697746
2209,gis,fixed,9.534329201044645,8.011628236377929,11.327295640300306
2210,gis,fixed,9.552584348956456,8.021849800165873,11.349468596340536
2211,gis,fixed,9.571063475256619,8.030723956627641,11.369451042585542
2212,gis,fixed,9.588907134898294,8.041153825447516,11.395652161714386
2213,gis,fixed,9.603973326115378,8.051699260426544,11.418986400871107
2214,gis,fixed,9.618488443855298,8.064600257761622,11.444778625837742
2215,gis,fixed,9.634603259456568,8.076276828911823,11.472159156122355
2216,gis,fixed,9.65223322894185,8.085943846303952,11.49986245412061
2217,gis,fixed,9.667612423410684,8.094970780052973,11.52713027834459
2218,gis,fixed,9.683100406813182,8.104410822513433,11.547332349631976
2219,gis,fixed,9.696416363287302,8.112305035937803,11.575072371691709
2220,gis,fixed,9.714675376038159,8.123914791761619,11.603147857186318
2221,gis,fixed,9.73031909965089,8.13558066066268,11.631255581024067
2222,gis,fixed,9.746685645497454,8.14514432830288,11.658549008812864
2223,gis,fixed,9.765181169740977,8.154922408015233,11.679973117623241
2224,gis,fixed,9.780124541843122,8.164002845439766,11.708721829493093
2225,gis,fixed,9.794717585340178,8.173040810226276,11.737443377109196
2226,gis,fixed,9.809039298644763,8.18154571503579,11.763254361758847
2227,gis,fixed,9.824783257608079,8.190127648645518,11.788831819848156
2228,gis,fixed,9.841369309909833,8.198961290577245,11.815149460666099
2229,gis,fixed,9.854283298563512,8.20725142164663,11.841252145836943
2230,gis,fixed,9.868591117615356,8.215848183982638,11.866123733547177
2231,gis,fixed,9.883256383032407,8.224685904057036,11.888453695380068
2232,gis,fixed,9.898845953672328,8.236259921307767,11.91064422797436
2233,gis,fixed,9.914738148699701,8.245018302171891,11.932206420892662
2234,gis,fixed,9.933155311942546,8.25333250973901,11.954531545929452
2235,gis,fixed,9.949202387212132,8.261805381772472,11.97646399865275
2236,gis,fixed,9.964692080591488,8.270512016119739,11.998020967930351
2237,gis,fixed,9.979200137980293,8.27923594872391,12.01908213262768
2238,gis,fixed,9.993876721148096,8.288197129995275,12.040317080700342
2239,gis,fixed,10.008319122739245,8.296617317258514,12.060959765007965
2240,gis,fixed,10.02555383952313,8.306201783351778,12.082636374647063
2241,gis,fixed,10.039567218660245,8.315727236197793,12.104376734080168
2242,gis,fixed,10.055987756738766,8.325658508235202,12.126990618403013
2243,gis,fixed,10.071156258071191,8.3353952375667,12.155592704399014
2244,gis,fixed,10.083840027883152,8.345105632791327,12.182219679348174
2245,gis,fixed,10.098565174546037,8.355492941484881,12.203116114223041
2246,gis,fixed,10.113109546068909,8.365552591015899,12.22814537951841
2247,gis,fixed,10.126642857971213,8.375630097022865,12.252915479815167
2248,gis,fixed,10.139712864426494,8.385647695677045,12.27115199930378
2249,gis,fixed,10.154100341128146,8.394060800385564,12.288945826786103
2250,gis,fixed,10.167717707295905,8.400901718228033,12.30742565943785
2251,gis,fixed,10.184279144506718,8.40904985652098,12.329064684816043
2252,gis,fixed,10.198303033522844,8.418981411213915,12.349935854436026
2253,gis,fixed,10.213594867191734,8.427457836304345,12.377984674429394
2254,gis,fixed,10.227373628822598,8.436023451181827,12.40739080014527
2255,gis,fixed,10.24227529051928,8.444789694634911,12.435676864047466
2256,gis,fixed,10.255525968389163,8.453466602653897,12.464099345326686
2257,gis,fixed,10.268239341969714,8.462169723033199,12.491888135613339
2258,gis,fixed,10.282838700583648,8.470272221673877,12.518924096780793
2259,gis,fixed,10.296139995474148,8.478225515546441,12.537868124392192
2260,gis,fixed,10.30974189416105,8.485835151761604,12.555239558538007
2261,gis,fixed,10.32241172131667,8.493156231282082,12.572203902367992
2262,gis,fixed,10.335018471900174,8.500938299573466,12.589755060699298
2263,gis,fixed,10.346651058916464,8.509159999011418,12.606493861624578
2264,gis,fixed,10.359434920182675,8.519753777771486,12.6247588739592
2265,gis,fixed,10.374793256791353,8.527972731832458,12.648694807775456
2266,gis,fixed,10.387498797928938,8.53601960841363,12.672638377372001
2267,gis,fixed,10.39906812742613,8.544389416518245,12.696806151312462
2268,gis,fixed,10.410467905024376,8.552447465045944,12.72070276352964
2269,gis,fixed,10.425414006292067,8.560170534508073,12.744307038135682
2270,gis,fixed,10.441458345871386,8.568859349354263,12.767954496269082
2271,gis,fixed,10.453497031485888,8.57968363256904,12.79140816269978
2272,gis,fixed,10.46552958793135,8.588721639445748,12.814431955819874
2273,gis,fixed,10.476527151985788,8.595161791878335,12.837131742664335
2274,gis,fixed,10.487097119250766,8.601997037781924,12.860180201843065
2275,gis,fixed,10.498494549077217,8.609082288066919,12.88301479347388
2276,gis,fixed,10.510377855693893,8.617418812190662,12.902046820358136
2277,gis,fixed,10.522996006921614,8.625839960670374,12.920884376192207
2278,gis,fixed,10.533516035272822,8.634252463924252,12.939701503631756
2279,gis,fixed,10.544567016348935,8.642252797690999,12.965181971590846
2280,gis,fixed,10.554850481261136,8.648968386446118,12.986501086514524
2281,gis,fixed,10.564045212542249,8.655190797799518,13.003762122852152
2282,gis,fixed,10.573385419128973,8.660266375439942,13.026341505442083
2283,gis,fixed,10.58391573995116,8.665366197090789,13.046015163369809
2284,gis,fixed,10.593860422811414,8.670168869456765,13.062975012910714
2285,gis,fixed,10.605938289194034,8.677786196784801,13.080152071190499
2286,gis,fixed,10.618009577354869,8.686524635493571,13.097728087637757
2287,gis,fixed,10.630214493894117,8.695717076172878,13.115657529204626
2288,gis,fixed,10.641197018087304,8.70461518453008,13.133233985743303
2289,gis,fixed,10.65204467668104,8.711620976145731,13.150410135188316
2290,gis,fixed,10.662288762477838,8.717704824534982,13.167297915892652
2291,gis,fixed,10.672175631097794,8.724205329962876,13.184545516580805
2292,gis,fixed,10.681718844087737,8.730559927719055,13.201618663465402
2293,gis,fixed,10.690376127515027,8.736898857014781,13.21864114060258
2294,gis,fixed,10.700875181563395,8.74271950044141,13.235130209368986
2295,gis,fixed,10.710066618597654,8.749082866706413,13.251467434876641
2296,gis,fixed,10.720895730941056,8.756665259819155,13.268301760920014
2297,gis,fixed,10.731401684879028,8.7642147264705,13.285061005751658
2298,gis,fixed,10.743097525038351,8.772911828884041,13.302945972481588
2299,gis,fixed,10.755210090143727,8.78132149434391,13.320507158431896
2300,gis,fixed,10.767562673430938,8.790353654644314,13.338666872667588
1990,gis,joint,-0.524945807220234,-0.5418551406629009,-0.5116648105161671
1991,gis,joint,-0.5271460777658685,-0.5430054649078523,-0.5147645328319294
1992,gis,joint,-0.5031893649261585,-0.5178776302405472,-0.49103254705066945
1993,gis,joint,-0.5136415940465091,-0.5280292836167109,-0.5017121359295387
1994,gis,joint,-0.5256164082102939,-0.5454113015833543,-0.5079401084445034
1995,gis,joint,-0.5226012719630542,-0.5418236360222155,-0.5054880251927141
1996,gis,joint,-0.513361732080265,-0.5313877609700822,-0.4973264946313712
1997,gis,joint,-0.464909141381165,-0.4793702449529952,-0.4521069711253093
1998,gis,joint,-0.436852752424822,-0.4487381717481959,-0.4248882396121679
1999,gis,joint,-0.3964279917183817,-0.406831057921695,-0.3853483824555132
2000,gis,joint,-0.374957680223472,-0.3865724335390116,-0.3624309729515067
2001,gis,joint,-0.3237612946467645,-0.337294832831802,-0.31026696466624853
2002,gis,joint,-0.26210529188967957,-0.27671918806765233,-0.24804555242244886
2003,gis,joint,-0.21078159996188495,-0.22798035642625875,-0.19453270004425377
2004,gis,joint,-0.07853539771098372,-0.08369056734909486,-0.07283710916225665
2005,gis,joint,-0.002207293765686291,-0.007418052670869368,0.003946133359568101
2006,gis,joint,0.10332130217628599,0.09998984910708172,0.10757759082966523
2007,gis,joint,0.16482305851487,0.1597487905020493,0.17109286632471568
2008,gis,joint,0.23673082400225187,0.2294224496364333,0.24525995573215367
2009,gis,joint,0.27762838910174814,0.26674683916702635,0.28981952895574653
2010,gis,joint,0.33169000546045924,0.31705919806615895,0.34716451314026986
2011,gis,joint,0.5413272565955176,0.5174880423851295,0.5655507379640187
2012,gis,joint,0.5721421912716727,0.5519812933894487,0.5921928605418482
2013,gis,joint,0.6514066066622513,0.6295142286815497,0.6719514317488408
2014,gis,joint,0.708030839215608,0.6865087776449714,0.727632449434226
2015,gis,joint,0.7814567232696863,0.7579412875200792,0.80253935614429
2016,gis,joint,0.7805912073554735,0.7580528711817417,0.8007105159061523
2017,gis,joint,0.8952506055759426,0.867201135536548,0.9205922512940758
2018,gis,joint,0.9437300434607656,0.9159996283051176,0.9687587796846836
2019,gis,joint,0.9733953095349839,0.9457135644943363,0.9998997737666406
2020,gis,joint,1.0686389864508392,1.0375298199449725,1.0978245888896676
2021,gis,joint,1.1219997454079311,1.0888161197080024,1.152979894781874
2022,gis,joint,1.2175174269653737,1.180666640082949,1.2512659863213915
2023,gis,joint,1.2579463451091777,1.2196798403219147,1.294192902718094
2024,gis,joint,1.3025997205620623,1.2601947660715855,1.3421103728043702
2025,gis,joint,1.3350079253554585,1.288535565716363,1.3773816584158087
2026,gis,joint,1.4003855343484535,1.3507725220672495,1.447526081959625
2027,gis,joint,1.467106404379218,1.4124544159993873,1.5195340299086844
2028,gis,joint,1.534129331153844,1.4747655158785766,1.595641011432391
2029,gis,joint,1.6028595983012255,1.5347623903683905,1.6720969233706935
2030,gis,joint,1.672640972764181,1.5950162728382196,1.753829382746752
2031,gis,joint,1.7429535973482357,1.6569281172162282,1.8371171106905855
2032,gis,joint,1.814388071701977,1.7171348409672722,1.9213516975543192
2033,gis,joint,1.8840582205709109,1.779527791917243,2.009716252189757
2034,gis,joint,1.9565431351094178,1.840264993935897,2.101803449678724
2035,gis,joint,2.029795711304295,1.9015032604218591,2.1963237178556576
2036,gis,joint,2.104329340260965,1.962554635639095,2.2908821069450442
2037,gis,joint,2.179626121895488,2.0258956370509122,2.391434734142871
2038,gis,joint,2.256036732013444,2.0877651606295715,2.4892738549139692
2039,gis,joint,2.333830443641834,2.150261024907524,2.5909850478802614
2040,gis,joint,2.411823988905809,2.2129259459365,2.6955548172735395
2041,gis,joint,2.488082266272279,2.273301720568776,2.8009425775422003
2042,gis,joint,2.5651542802515594,2.335108148998609,2.906707133554174
2043,gis,joint,2.641255268918977,2.3969216079390483,3.012920576456227
2044,gis,joint,2.7156771162860993,2.457394560664352,3.1205747715847543
2045,gis,joint,2.792232812212464,2.5174558302848,3.2287668685508053
2046,gis,joint,2.869775328140381,2.5774344599364496,3.336430901757909
2047,gis,joint,2.9459778999125614,2.6355623423749526,3.445123250431177
2048,gis,joint,3.0213256925931007,2.6948579518315645,3.5572188760179513
2049,gis,joint,3.098302293177993,2.75198869642261,3.671933943264438
2050,gis,joint,3.174654532405473,2.8080709175313405,3.7845259100345765
2051,gis,joint,3.24986464393466,2.8633414933329644,3.895344051637282
2052,gis,joint,3.324187475463823,2.917877547400051,4.008139710865126
2053,gis,joint,3.3973457739476114,2.972057276830175,4.1169082140132405
2054,gis,joint,3.471168992467226,3.0255623745814075,4.2268065053614645
2055,gis,joint,3.5423096296327192,3.077314324062198,4.3359113154134254
2056,gis,joint,3.6127003881622306,3.1280019484780177,4.442224203099108
2057,gis,joint,3.6840205841810807,3.1789771874872095,4.550019515129169
2058,gis,joint,3.7536377370051426,3.229763511496932,4.658604134535094
2059,gis,joint,3.8233837848444296,3.2797004641007628,4.7630164325508515
2060,gis,joint,3.8925628756119255,3.3298511349675985,4.8749829274634315
2061,gis,joint,3.9588306864001908,3.378366524539356,4.982137282519324
2062,gis,joint,4.025602738219394,3.4251893315883755,5.09224974919365
2063,gis,joint,4.092636227783339,3.4727425709043067,5.197321332237347
2064,gis,joint,4.157756030133376,3.5197184464853906,5.304283835404176
2065,gis,joint,4.224792026862751,3.565883812399603,5.403442003902734
2066,gis,joint,4.286329015140469,3.6098529946557516,5.502944373093668
2067,gis,joint,4.34906141549184,3.653470603086494,5.602701378527885
2068,gis,joint,4.4112218009089545,3.6988000592984207,5.702546611362225
2069,gis,joint,4.472604191651351,3.7437796174737605,5.801826029408324
2070,gis,joint,4.534103546726882,3.788126639944989,5.900029761021564
2071,gis,joint,4.595095412183989,3.830457378478293,5.997454192452636
2072,gis,joint,4.655537198953668,3.870847307617165,6.091151154330369
2073,gis,joint,4.714597720199674,3.910169268926041,6.188032096972086
2074,gis,joint,4.772796528554938,3.9490688522565036,6.283367760860974
2075,gis,joint,4.828408969573559,3.987404627429664,6.3798440776069105
2076,gis,joint,4.882194970375315,4.024807502470686,6.466396253667529
2077,gis,joint,4.937246314669668,4.061290227469973,6.554479226923427
2078,gis,joint,4.988757515789031,4.096960372114982,6.641897976480426
2079,gis,joint,5.037460946154798,4.131941379939705,6.724223091526742
2080,gis,joint,5.0891750518975645,4.166340501947697,6.809768748508605
2081,gis,joint,5.1445258637815865,4.197912875919273,6.8923259197725315
2082,gis,joint,5.192465420268162,4.228654661845161,6.980950461516831
2083,gis,joint,5.241300964089452,4.260845930048405,7.065198330048621
2084,gis,joint,5.2876372056249625,4.29288930535013,7.149862072955183
2085,gis,joint,5.331544158050404,4.324103982929972,7.233126500292989
2086,gis,joint,5.3771649632682,4.353431095431269,7.3151676687884795
2087,gis,joint,5.422359547019763,4.381011813695678,7.3943923993261365
2088,gis,joint,5.464279209942363,4.407641117895448,7.467394636284661
2089,gis,joint,5.505310170102064,4.431680822922885,7.549863925805674
2090,gis,joint,5.545366763529397,4.455461304551912,7.616835220231556
2091,gis,joint,5.58693722522235,4.4811291052279945,7.673314868639329
2092,gis,joint,5.628129478240104,4.507561551447902,7.739232396589752
2093,gis,joint,5.668401028004562,4.531608038224004,7.808187532082346
2094,gis,joint,5.70784209002672,4.555012250255922,7.864482558582034
2095,gis,joint,5.74457796611002,4.577500517886058,7.918890332972036
2096,gis,joint,5.781479636491612,4.599030009071019,7.994965996589399
2097,gis,joint,5.817043974094357,4.619743541462434,8.072647537708017
2098,gis,joint,5.852543802241395,4.636758611017484,8.133826247168223
2099,gis,joint,5.8886166041834915,4.652443220387175,8.204433925668324
2100,gis,joint,5.921466623243267,4.6696007046627,8.273200033747546
2101,gis,joint,5.95427664651569,4.687421772332587,8.339549556535054
2102,gis,joint,5.98680461577046,4.702787721720335,8.408113805305542
2103,gis,joint,6.020045647040888,4.713758781217833,8.476755047072105
2104,gis,joint,6.0484663355137975,4.732571281042588,8.54351281779764
2105,gis,joint,6.076765288263495,4.751059424725812,8.609287969641924
2106,gis,joint,6.102958634272799,4.766108005328098,8.673504784725504
2107,gis,joint,6.129177507758652,4.7778072355247145,8.718443481881206
2108,gis,joint,6.153126102682195,4.791096403896756,8.770992611869712
2109,gis,joint,6.177474847022437,4.7985951911912865,8.831472891232899
2110,gis,joint,6.203421797731673,4.808466514506627,8.890967221073053
2111,gis,joint,6.22826366700159,4.820806750021669,8.943950111266851
2112,gis,joint,6.253185288674041,4.832951195468999,8.992980545518416
2113,gis,joint,6.27879511838481,4.848216166105069,9.03883560234119
2114,gis,joint,6.301886007779782,4.863636080775359,9.084105136767453
2115,gis,joint,6.326209173430805,4.878617316383722,9.122471067843803
2116,gis,joint,6.349920112508534,4.890221187858306,9.17357734977742
2117,gis,joint,6.374637309951877,4.898866772442253,9.222770363914979
2118,gis,joint,6.3920734905136625,4.907814134935224,9.26414843750514
2119,gis,joint,6.410839678438569,4.91542150247409,9.307846247255542
2120,gis,joint,6.432507555375718,4.9284386730326375,9.347259983082518
2121,gis,joint,6.454452303751866,4.937038025585351,9.394533884146211
2122,gis,joint,6.475862748005246,4.9410786453635644,9.4258574978345
2123,gis,joint,6.494949082711236,4.953826501539423,9.460460587450978
2124,gis,joint,6.516276226820368,4.957196818451235,9.508946340049764
2125,gis,joint,6.536521538824632,4.960396684727547,9.556855680724219
2126,gis,joint,6.55649682816415,4.963184227458096,9.603906959877353
2127,gis,joint,6.5743104834216375,4.967841142366507,9.640181201412945
2128,gis,joint,6.593060768747167,4.974608540431336,9.674388673095551
2129,gis,joint,6.608300411686632,4.9845492112050245,9.707283887912126
2130,gis,joint,6.622269250626274,4.994317373526117,9.745234593406947
2131,gis,joint,6.638205903123135,5.005407688751785,9.789414544269949
2132,gis,joint,6.654674104782128,5.011337986719393,9.826365084544229
2133,gis,joint,6.671809480948056,5.017075744645463,9.859679158842082
2134,gis,joint,6.690660415003691,5.023017635320979,9.897632979341553
2135,gis,joint,6.711066285660618,5.028405905809438,9.9332143222579
2136,gis,joint,6.730822895748462,5.03665235207534,9.968699197627732
2137,gis,joint,6.743497779603173,5.040655891169317,10.002915375040146
2138,gis,joint,6.7602884887312875,5.044171826102476,10.035812564351795
2139,gis,joint,6.774997671285022,5.044706910904178,10.06727875957585
2140,gis,joint,6.788406368453433,5.047809481207629,10.097033901122272
2141,gis,joint,6.80686792817678,5.050446205335576,10.125931275802316
2142,gis,joint,6.8197995034673236,5.0533425871286575,10.154414753552512
2143,gis,joint,6.831480622705967,5.056450793133989,10.190251598184084
2144,gis,joint,6.841155000252958,5.057247249222932,10.227068040958022
2145,gis,joint,6.851541739654298,5.054082934979975,10.263752684738272
2146,gis,joint,6.862783315740003,5.055890066509954,10.299847191158301
2147,gis,joint,6.872810288357751,5.064394906916443,10.320640978017126
2148,gis,joint,6.8817538453137015,5.066635694002923,10.350883753006086
2149,gis,joint,6.893478694389369,5.067741130800838,10.383150089385325
2150,gis,joint,6.90573463160225,5.066306508632262,10.408282815466398
2151,gis,joint,6.914538363848372,5.063246200876779,10.438368213467317
2152,gis,joint,6.922284710355562,5.060564989236403,10.46204786488461
2153,gis,joint,6.929894692154184,5.064810599917038,10.48521156016902
2154,gis,joint,6.938352774937494,5.069102442613995,10.508866481089308
2155,gis,joint,6.951277456861708,5.073315085752251,10.534055922735769
2156,gis,joint,6.964367009440633,5.077718290624937,10.558634133228129
2157,gis,joint,6.97692596253043,5.077081008545298,10.583068822290963
2158,gis,joint,6.988711301174185,5.076397128252253,10.609545321620198
2159,gis,joint,7.000413458166958,5.076705315580048,10.637875193856464
2160,gis,joint,7.011404854053149,5.075788337388867,10.664773973817047
2161,gis,joint,7.0202921947875385,5.074940841148072,10.690595664216197
2162,gis,joint,7.029405263999864,5.074013739569099,10.715511735492363
2163,gis,joint,7.039662815872411,5.0742593074509035,10.740289937127095
2164,gis,joint,7.050653796964735,5.075845691122424,10.76470924933421
2165,gis,joint,7.061248301505646,5.074539760623933,10.783051576557062
2166,gis,joint,7.075852733554042,5.072623726058004,10.804681084821157
2167,gis,joint,7.08430844149195,5.074438287544493,10.838888987110328
2168,gis,joint,7.091743023577939,5.076062641817935,10.86550691811108
2169,gis,joint,7.102890365992245,5.076385829902929,10.890066422237691
2170,gis,joint,7.1113482088948,5.075905951287636,10.91386560825847
2171,gis,joint,7.121858151182753,5.079600510896594,10.937126601559292
2172,gis,joint,7.133091159590747,5.080163239159073,10.964278567328147
2173,gis,joint,7.1461085463440615,5.080683167929679,10.991346823927982
2174,gis,joint,7.155099190676824,5.081509467256427,11.018473590885755
2175,gis,joint,7.167822040997978,5.0827184822655145,11.045801401067687
2176,gis,joint,7.177169631964608,5.081693389430717,11.073356084727651
2177,gis,joint,7.186856230702249,5.085533332596852,11.10102324810643
2178,gis,joint,7.197428238222532,5.087875748929171,11.128545133630166
2179,gis,joint,7.207754014838679,5.08994263408018,11.155669592172048
2180,gis,joint,7.217113264201641,5.090431547177271,11.182326274880378
2181,gis,joint,7.226501293600068,5.096102627550068,11.207991419257905
2182,gis,joint,7.23257565299442,5.097597959619488,11.232681011620974
2183,gis,joint,7.239740355013009,5.0971265979090195,11.258854202001883
2184,gis,joint,7.249138336427174,5.096555606246634,11.286833745935729
2185,gis,joint,7.2593553561085375,5.093569209288817,11.316108144970512
2186,gis,joint,7.268901378166536,5.091696498592508,11.343634629935885
2187,gis,joint,7.277254190763681,5.089199001427403,11.370352594305487
2188,gis,joint,7.283787006428808,5.086781515527893,11.395137479660969
2189,gis,joint,7.2923092830855705,5.084740493664718,11.415915821935995
2190,gis,joint,7.302554962179313,5.083113677010557,11.446853010400154
2191,gis,joint,7.312877619939874,5.081505110546367,11.481090707598035
2192,gis,joint,7.322771219961125,5.079804831538702,11.51370449035458
2193,gis,joint,7.32996840024213,5.080967843244397,11.541741523043692
2194,gis,joint,7.339118409686106,5.081600975056466,11.569373576347909
2195,gis,joint,7.346882608254173,5.082556086490972,11.596019473559153
2196,gis,joint,7.352598438752069,5.083702416879738,11.613936018255451
2197,gis,joint,7.3594379447314795,5.085061734904611,11.630440079742488
2198,gis,joint,7.370781884766091,5.0867899416546445,11.659337690005735
2199,gis,joint,7.3833619563845465,5.090347816663344,11.689136903988857
2200,gis,joint,7.392986904016615,5.0927635369466,11.719456978591822
2201,gis,joint,7.4035066684959485,5.093130686202736,11.749823138475548
2202,gis,joint,7.413514768570913,5.095010547797755,11.7796204547904
2203,gis,joint,7.422913282401062,5.09611346314019,11.808670090761519
2204,gis,joint,7.432066136288007,5.0964007652455035,11.831829862235876
2205,gis,joint,7.440323639182316,5.096783501966439,11.852466370645597
2206,gis,joint,7.449016174224335,5.100280837698065,11.873167797843426
2207,gis,joint,7.456122766567265,5.100017619839314,11.892440288304433
2208,gis,joint,7.461709292748667,5.099286596564717,11.908731719712373
2209,gis,joint,7.471003815513459,5.097944142143052,11.926651984880515
2210,gis,joint,7.482337186989639,5.102036483971034,11.94531186756353
2211,gis,joint,7.493355523097385,5.105724303141295,11.964350042204472
2212,gis,joint,7.501111559524505,5.107463219146385,11.985404363340681
2213,gis,joint,7.510462501978136,5.1063607440788195,12.0097577347364
2214,gis,joint,7.5173928977898905,5.105275767775385,12.034034528348567
2215,gis,joint,7.526090375858702,5.104429748249261,12.058184407177569
2216,gis,joint,7.532405834349108,5.1063145190459505,12.079216106971916
2217,gis,joint,7.539899356985758,5.108057016203683,12.106285958824811
2218,gis,joint,7.547000159364318,5.1087305388514554,12.130293968438052
2219,gis,joint,7.552615768863031,5.107234067771922,12.153408242447112
2220,gis,joint,7.56245885484063,5.10599300954372,12.171915042887402
2221,gis,joint,7.570059921365182,5.10518904963967,12.18739275886548
2222,gis,joint,7.57577093978581,5.104831234467438,12.207934669495955
2223,gis,joint,7.584408534946533,5.105218061722258,12.222297896408453
2224,gis,joint,7.59572155292034,5.107713860176389,12.243598445786292
2225,gis,joint,7.605231183828612,5.113418905724876,12.264769386698687
2226,gis,joint,7.614688140328897,5.115564135116741,12.285743199583765
2227,gis,joint,7.6238070195337535,5.115605088913994,12.30627169253718
2228,gis,joint,7.6344645176064585,5.114592488185076,12.32640132213157
2229,gis,joint,7.6420331980994085,5.111916832979131,12.346413339784784
2230,gis,joint,7.6512920787599,5.109317229924521,12.367398337509067
2231,gis,joint,7.660803960177024,5.106885933633688,12.388479586290053
2232,gis,joint,7.6694078342869805,5.108044343565448,12.409796885810927
2233,gis,joint,7.679224032040747,5.110423389869483,12.43128733273809
2234,gis,joint,7.6895879471208755,5.115221836683567,12.452938929996606
2235,gis,joint,7.701151621995857,5.115738066201454,12.474577227080403
2236,gis,joint,7.710961618705907,5.117558276539478,12.496049591793053
2237,gis,joint,7.722945324180885,5.119560483774461,12.51741276524944
2238,gis,joint,7.732992890224736,5.120353054177549,12.538871361385445
2239,gis,joint,7.742647773776355,5.119786880478492,12.560007394120719
2240,gis,joint,7.752184998809702,5.119228287173154,12.580917984983074
2241,gis,joint,7.761716057183803,5.120893805673299,12.608095398046931
2242,gis,joint,7.771424996454846,5.123578420349331,12.636331448956575
2243,gis,joint,7.781269410868759,5.126751347929719,12.664571730792598
2244,gis,joint,7.790245124120945,5.130281929721683,12.692966586307419
2245,gis,joint,7.799597789355524,5.133959280165731,12.721421806121642
2246,gis,joint,7.8093764830639865,5.136660005363706,12.74978925927918
2247,gis,joint,7.819987788059041,5.13879197248318,12.777969124495169
2248,gis,joint,7.828816339361744,5.1392575163351895,12.80196532357613
2249,gis,joint,7.834769194902416,5.139528250278531,12.823597801145825
2250,gis,joint,7.840510978025334,5.139683002250937,12.84855564393254
2251,gis,joint,7.847385174512733,5.139654034702156,12.87549564172426
2252,gis,joint,7.855092034917848,5.139488346754578,12.902184272061865
2253,gis,joint,7.863269070355152,5.139294988840456,12.9287148059836
2254,gis,joint,7.872274856410245,5.139218910957157,12.955244248949287
2255,gis,joint,7.880810133641542,5.139370130859804,12.981786717013954
2256,gis,joint,7.8894823957447,5.139674454920871,13.008268330653735
2257,gis,joint,7.8977731317753275,5.1412686874513245,13.034773747977438
2258,gis,joint,7.904391936316159,5.144153566661006,13.061217916086967
2259,gis,joint,7.909558509078147,5.14692625118933,13.087045113922779
2260,gis,joint,7.91803041192693,5.149529465989928,13.109098993627851
2261,gis,joint,7.9257890337855095,5.152062479630387,13.130431995026765
2262,gis,joint,7.933330591953041,5.154313996932958,13.14728780573757
2263,gis,joint,7.942906088015756,5.156391252037276,13.172322494319634
2264,gis,joint,7.953033405980674,5.158395684728061,13.196124257801136
2265,gis,joint,7.961152908932789,5.161084292755032,13.223396880003872
2266,gis,joint,7.9676539101570985,5.1647928224776365,13.25155587512935
2267,gis,joint,7.9747912419250975,5.166326767907943,13.279307089697356
2268,gis,joint,7.982260170007361,5.168547482950581,13.306366165237666
2269,gis,joint,7.990759237711691,5.171654507690672,13.326928774315913
2270,gis,joint,7.998620569362266,5.174608716103513,13.35055651397734
2271,gis,joint,8.008502890131759,5.1772730771166415,13.377147103923487
2272,gis,joint,8.01726023136495,5.179217489557281,13.402836735216813
2273,gis,joint,8.024551219967645,5.17955274982688,13.427491030119677
2274,gis,joint,8.031546034861925,5.178619965464267,13.451297854881409
2275,gis,joint,8.04066402258414,5.179416839570712,13.473893577667269
2276,gis,joint,8.048399519059798,5.180213174145909,13.493111899521537
2277,gis,joint,8.056632845888743,5.17993742338768,13.512805703938886
2278,gis,joint,8.065941326684129,5.181250542445574,13.532788776816657
2279,gis,joint,8.073016284116566,5.181884520410341,13.552762076643058
2280,gis,joint,8.082906057360951,5.182403444416742,13.57236806016385
2281,gis,joint,8.094175378428293,5.182726058923792,13.591493957677127
2282,gis,joint,8.103008622996796,5.182830874793558,13.6100688160347
2283,gis,joint,8.111488175378351,5.182856951686065,13.628201287519852
2284,gis,joint,8.11962318876802,5.182814264395023,13.64600045152713
2285,gis,joint,8.126280462865148,5.182759842770544,13.663714445493184
2286,gis,joint,8.133210488577546,5.182872062223915,13.681771925621243
2287,gis,joint,8.141077664825737,5.1832844975380885,13.700509560942493
2288,gis,joint,8.149121519415875,5.1839936085445935,13.719852069897746
2289,gis,joint,8.157371578508247,5.18583950921087,13.739530811514722
2290,gis,joint,8.165398389483519,5.187597477455174,13.758916123770394
2291,gis,joint,8.172872004469799,5.188314054672393,13.777871274263667
2292,gis,joint,8.179519478190564,5.1884038211134484,13.796312558967834
2293,gis,joint,8.185836943386477,5.188217738589374,13.820768584325972
2294,gis,joint,8.19186185564234,5.1877935468262155,13.845160319773223
2295,gis,joint,8.19655220360395,5.187280306369946,13.8691436487535
2296,gis,joint,8.19944333415613,5.18629592757588,13.874536998165624
2297,gis,joint,8.206388727705967,5.185399416094,13.883335185293134
2298,gis,joint,8.212165475738747,5.185596208680893,13.901674375970568
2299,gis,joint,8.218731531641858,5.186076128539123,13.920467960835678
2300,gis,joint,8.227154198004339,5.187249286515137,13.939227802764941
1990,ais,fixed,-0.2655162785755049,-0.321807772507647,-0.22719334314011172
1991,ais,fixed,-0.25772651241478073,-0.29679368702404785,-0.21867974737008344
1992,ais,fixed,-0.24486820224777356,-0.26950171008248575,-0.20992645772176233
1993,ais,fixed,-0.23895233379146508,-0.26521223234459823,-0.20189108036254927
1994,ais,fixed,-0.23509395298643243,-0.2625945980166728,-0.1972698951009263
1995,ais,fixed,-0.2296121569607784,-0.25899531723633784,-0.19082090799283735
1996,ais,fixed,-0.22267712041412202,-0.2551736867479753,-0.18172708093600612
1997,ais,fixed,-0.2138989822119562,-0.24091276523190466,-0.17224131132297055
1998,ais,fixed,-0.19554129838145146,-0.21411393769590464,-0.16178589569216478
1999,ais,fixed,-0.17165105546603499,-0.18600009744432888,-0.14976397203974692
2000,ais,fixed,-0.14508983818347987,-0.15951459500674797,-0.13229770080934455
2001,ais,fixed,-0.11713131236018082,-0.13224493145550173,-0.10761008621500584
2002,ais,fixed,-0.08749690328710924,-0.10451297436501145,-0.08014903032730492
2003,ais,fixed,-0.05703135337680609,-0.0762505598688438,-0.05117336355822938
2004,ais,fixed,-0.026206564961970824,-0.04463736385249314,-0.020985651941976147
2005,ais,fixed,0.004991863180985878,-0.01236748694714367,0.010641797386160067
2006,ais,fixed,0.03563364979494643,0.01973791127658634,0.042506834510393575
2007,ais,fixed,0.06660552513475804,0.05173489010062895,0.07506071151643769
2008,ais,fixed,0.09776291088909872,0.08346667466697619,0.10759259616163867
2009,ais,fixed,0.12908152294065556,0.11495784273218441,0.14033205868930693
2010,ais,fixed,0.16064039611564546,0.1463239460920051,0.17296596777023168
2011,ais,fixed,0.19303932244983668,0.1778643813657972,0.206433564301868
2012,ais,fixed,0.2274492491318369,0.21130371702215248,0.24188486253113334
2013,ais,fixed,0.2607498246946344,0.24345133611400047,0.27623047673501205
2014,ais,fixed,0.2952412067009927,0.2765539343244894,0.31144918242865494
2015,ais,fixed,0.3301963708394836,0.30971696778242863,0.34723332041839733
2016,ais,fixed,0.36598011244436573,0.3429671284683269,0.38450784897586426
2017,ais,fixed,0.4021365049875508,0.3766635936762731,0.42231934743795063
2018,ais,fixed,0.43987663577900527,0.4121371285543251,0.46245459207685174
2019,ais,fixed,0.4773903067286861,0.4465891380259314,0.5029343004099
2020,ais,fixed,0.5154339459133237,0.48234616535170655,0.5435831557034729
2021,ais,fixed,0.5541645043070071,0.5180685050532695,0.5854681208116772
2022,ais,fixed,0.5929483337418513,0.5542378543293427,0.6274160057264048
2023,ais,fixed,0.6331924996040448,0.5907701022046964,0.6716313493754141
2024,ais,fixed,0.6738372857527839,0.6281851115605952,0.7166998285203474
2025,ais,fixed,0.7155512699693327,0.6661582268630425,0.763365060503367
2026,ais,fixed,0.7579520918443471,0.7036369978171423,0.8106764856463455
2027,ais,fixed,0.8013405995225952,0.7417742511388372,0.8599045610470545
2028,ais,fixed,0.8447849113306265,0.779797042891767,0.909892965290775
2029,ais,fixed,0.8893273792024274,0.8171906130334605,0.9606614276123452
2030,ais,fixed,0.9337103648833875,0.8547133606011446,1.011962215119219
2031,ais,fixed,0.979346464593785,0.8930026863748741,1.0646088990751963
2032,ais,fixed,1.0251207164408453,0.9313293483325323,1.1173284941587982
2033,ais,fixed,1.0725134599491888,0.9702862267894999,1.1729351886268804
2034,ais,fixed,1.1194585678672753,1.0095729778174927,1.2283071989769079
2035,ais,fixed,1.1670726945574441,1.0493703216109702,1.2853968297530165
2036,ais,fixed,1.2156367563933757,1.0885728685507194,1.3418815150058436
2037,ais,fixed,1.2647604435381932,1.1287406446274177,1.400501674160357
2038,ais,fixed,1.314652540355865,1.1686254194815149,1.4603292600886204
2039,ais,fixed,1.3648233618678152,1.208847846902746,1.5204698769637734
2040,ais,fixed,1.4160860088536948,1.2500622857403387,1.5816994691136927
2041,ais,fixed,1.4674795202621724,1.2908890733129066,1.6463943908061944
2042,ais,fixed,1.518330062080268,1.3320419694942374,1.7093370677563489
2043,ais,fixed,1.5712663218779395,1.373062727123135,1.7733819502251702
2044,ais,fixed,1.6239861826240451,1.4145602586323565,1.8377046600420732
2045,ais,fixed,1.676710059706088,1.4557648027477044,1.9071427526619977
2046,ais,fixed,1.7305629358553298,1.4995909816319235,1.977723133589242
2047,ais,fixed,1.7845205979789516,1.5413740182155315,2.0437503916692394
2048,ais,fixed,1.839489661488969,1.5848503992609235,2.118242808038511
2049,ais,fixed,1.895126715693381,1.6262857053281232,2.1869391001274385
2050,ais,fixed,1.9517393123097229,1.6676943947441678,2.2596266386175032
2051,ais,fixed,2.0076029168650904,1.7112555243106147,2.3295423012233973
2052,ais,fixed,2.0639432923882914,1.7539581756823628,2.399849579143714
2053,ais,fixed,2.120400551724143,1.796207006594592,2.4844118779799507
2054,ais,fixed,2.1765031007829823,1.8388098466592557,2.55564829638248
2055,ais,fixed,2.233725508338188,1.8816381399039004,2.6345233486160136
2056,ais,fixed,2.29129144738401,1.9255882168073386,2.70504799978403
2057,ais,fixed,2.3486442530957232,1.9687419130320494,2.792169217348229
2058,ais,fixed,2.4062734921263633,2.0118706883098043,2.8694377472890116
2059,ais,fixed,2.463747216943222,2.055484840887253,2.9562700194146183
2060,ais,fixed,2.5223977395035124,2.098559042502908,3.0400411673136047
2061,ais,fixed,2.5815434023533443,2.142267169985613,3.1200884266351845
2062,ais,fixed,2.6410150421052836,2.1862541637417303,3.2119989550879904
2063,ais,fixed,2.7005201773192185,2.231954893472824,3.359760230661374
2064,ais,fixed,2.7593758936120385,2.276169638239966,3.53478301468738
2065,ais,fixed,2.8186521399026443,2.3200262160632885,3.6732119266608763
2066,ais,fixed,2.8773357285061625,2.3630723383519117,3.755262503935049
2067,ais,fixed,2.9363672813563984,2.4080027333971827,3.8362569241843207
2068,ais,fixed,2.9948659577879875,2.4528373090906617,3.9204398218378835
2069,ais,fixed,3.053815268621566,2.498749996004418,4.003052633886956
2070,ais,fixed,3.1132901585361665,2.5434351301740885,4.0856911069748145
2071,ais,fixed,3.174877053983913,2.588761622289024,4.410102561100997
2072,ais,fixed,3.233992102953745,2.631386946332323,5.514809842660418
2073,ais,fixed,3.2972454788600016,2.6749013206736554,6.526283573911271
2074,ais,fixed,3.3566015711696116,2.718730657695818,7.72616949554706
2075,ais,fixed,3.415926983570783,2.76320202654858,9.027004759790117
2076,ais,fixed,3.4775782738929935,2.8087209022655215,9.877507337434206
2077,ais,fixed,3.5375853017475856,2.852702702347082,11.29130235767448
2078,ais,fixed,3.59776922591069,2.8968394578661716,12.122366408311526
2079,ais,fixed,3.6566886889831522,2.941036791015672,12.723319059528638
2080,ais,fixed,3.7152353112412513,2.9835274693212694,13.375402623034452
2081,ais,fixed,3.7738498819707846,3.0274507771628714,13.871406871090523
2082,ais,fixed,3.8335063920472514,3.071256102483271,15.082711617120317
2083,ais,fixed,3.892960144208681,3.114230765547179,15.817969095337384
2084,ais,fixed,3.9541522128290794,3.1589981692909723,16.642334312429057
2085,ais,fixed,4.015658595829397,3.205352805654631,17.27524518240585
2086,ais,fixed,4.075013847331366,3.2487044598681507,18.104296640540124
2087,ais,fixed,4.134533007646555,3.2928345738956493,18.769542413758295
2088,ais,fixed,4.193137722983213,3.337722000362286,19.37942193010638
2089,ais,fixed,4.251614234002842,3.3821916250381596,19.79551495753537
2090,ais,fixed,4.310168118751972,3.4254408302871573,20.423918395900102
2091,ais,fixed,4.3687888386860205,3.468222053432999,20.877061425702724
2092,ais,fixed,4.426919627437696,3.5106831781139363,20.94053281598934
2093,ais,fixed,4.485080622617348,3.553046496631128,20.99759075390135
2094,ais,fixed,4.543477306440767,3.5956178239781695,21.364317940878056
2095,ais,fixed,4.601105567059811,3.637952166042722,21.65919412034216
2096,ais,fixed,4.659029743286082,3.6805617340446606,21.995680592677108
2097,ais,fixed,4.717077553976819,3.723212141520147,22.567719969673796
2098,ais,fixed,4.774855741446119,3.7657002681145757,23.13917604217937
2099,ais,fixed,4.8324337212731425,3.8080026069798354,23.220031549572983
2100,ais,fixed,4.889917104156037,3.8503376507088163,23.297248495920886
2101,ais,fixed,4.946820801881456,3.892249462403086,23.364649721663756
2102,ais,fixed,5.003783060746224,3.9344878634994376,23.417228429927825
2103,ais,fixed,5.060347270901851,3.9766853795257813,23.469758300796595
2104,ais,fixed,5.116521772671953,4.019177103032494,23.522238372733916
2105,ais,fixed,5.172495996473128,4.061715702215544,23.574503447639966
2106,ais,fixed,5.228454092678843,4.103602080533971,23.626765915981427
2107,ais,fixed,5.284686495756205,4.145544595998914,23.678950117313885
2108,ais,fixed,5.340959755438188,4.187446427660278,23.7309957582615
2109,ais,fixed,5.397474109361857,4.229195058453527,23.782852753091213
2110,ais,fixed,5.45398042546565,4.271043204722782,23.834656144343228
2111,ais,fixed,5.510167556275565,4.31265427306254,23.886136891611972
2112,ais,fixed,5.566031193117567,4.354196190159333,23.93729930332099
2113,ais,fixed,5.621686455086879,4.395536406425372,23.988251914455713
2114,ais,fixed,5.67721503585218,4.4368026148289745,24.243081666497392
2115,ais,fixed,5.732916403614244,4.478954640785934,24.293860897465475
2116,ais,fixed,5.788860594788033,4.521487156180992,24.65559430205224
2117,ais,fixed,5.844544664451325,4.563275516404975,24.70632095140118
2118,ais,fixed,5.9002170975771335,4.604965555082998,25.067810854480182
2119,ais,fixed,5.955428347049459,4.646735793048906,25.11813082480207
2120,ais,fixed,6.010315847316909,4.688294851225314,25.166466932282248
2121,ais,fixed,6.065005806397535,4.729288510923307,25.21465541443801
2122,ais,fixed,6.119616301942623,4.7701772331934835,25.262805427272042
2123,ais,fixed,6.174286578848639,4.8111763565737515,25.310974434304274
2124,ais,fixed,6.228278280467492,4.851796527121675,25.358688211850346
2125,ais,fixed,6.2826316136552975,4.892512642668351,25.406588830470927
2126,ais,fixed,6.337360176313805,4.933187273571835,25.454561207353738
2127,ais,fixed,6.392607350796281,4.97423894142348,25.502984059163392
2128,ais,fixed,6.447609160490254,5.015218521718039,25.55120716066155
2129,ais,fixed,6.502229409258103,5.055924504577748,25.599105409699284
2130,ais,fixed,6.556812913461867,5.096784290462213,25.647076274824798
2131,ais,fixed,6.6110281399734285,5.13750109746265,25.694881000160066
2132,ais,fixed,6.66469116548054,5.178119699670525,25.742352773317975
2133,ais,fixed,6.718046500206814,5.218507125267883,25.783114011831117
2134,ais,fixed,6.771193403902686,5.2589797411352475,25.812802634238018
2135,ais,fixed,6.824443600955543,5.299628898053897,25.84261425816294
2136,ais,fixed,6.877872483301378,5.340451947410839,25.872666366467868
2137,ais,fixed,6.931338149200316,5.381272389915989,25.90268059426931
2138,ais,fixed,6.984567713550343,5.421889531680176,25.932427140485917
2139,ais,fixed,7.038042491186263,5.462723765071662,25.96245778875945
2140,ais,fixed,7.091302941417458,5.5034388567800026,25.99239632067496
2141,ais,fixed,7.144246764397687,5.543922384034886,26.022064269974823
2142,ais,fixed,7.1967993101968935,5.5841116952975485,26.051384123620313
2143,ais,fixed,7.24924102031878,5.624296035140125,26.08077489399626
2144,ais,fixed,7.301540299785463,5.664386241976603,26.110063389714607
2145,ais,fixed,7.353750311219297,5.7044183686963725,26.139289288937906
2146,ais,fixed,7.406005340355331,5.744481311527045,26.168543685349384
2147,ais,fixed,7.458193160164177,5.7843869910254995,26.19770397859554
2148,ais,fixed,7.510410203410693,5.8242755756317095,26.227004510419867
2149,ais,fixed,7.562496674270407,5.864022215874194,26.256136301361977
2150,ais,fixed,7.6146482643163305,5.903903588796357,26.285427047067454
2151,ais,fixed,7.666526578100934,5.943550102581287,26.314426418808807
2152,ais,fixed,7.718210620296855,5.983149430347881,26.34334668869069
2153,ais,fixed,7.770043453625817,6.022741781577596,26.37226855406777
2154,ais,fixed,7.822033863564275,6.062455240001352,26.401332892267448
2155,ais,fixed,7.8741279677372695,6.102084226139125,26.430306837867725
2156,ais,fixed,7.926094008193201,6.141682798290419,26.45923196828408
2157,ais,fixed,7.977816301255269,6.181195127417898,26.488041702699615
2158,ais,fixed,8.02955054955936,6.22105579017068,26.51701542698721
2159,ais,fixed,8.081499967502918,6.260975487033041,26.54610699327425
2160,ais,fixed,8.133742612737064,6.301012317379633,26.57539592289029
2161,ais,fixed,8.18587177654937,6.340864711301387,26.604418316705292
2162,ais,fixed,8.237850762718132,6.380554288020811,26.63319538021498
2163,ais,fixed,8.290164880800525,6.420526650468674,26.662419889311714
2164,ais,fixed,8.342671166080116,6.460603788285509,26.691826644433192
2165,ais,fixed,8.394446383520743,6.500264878381994,26.720531692233916
2166,ais,fixed,8.445888522885515,6.539845186427427,26.74907653330748
2167,ais,fixed,8.497498627403798,6.579503162982157,26.77773929199972
2168,ais,fixed,8.549061775741194,6.6190487951662895,26.806235081236473
2169,ais,fixed,8.600471422154794,6.65856216595489,26.834674109009523
2170,ais,fixed,8.652135058017425,6.698283196363321,26.863472772411733
2171,ais,fixed,8.704057293366331,6.738042229539213,26.892353895343266
2172,ais,fixed,8.75606287612193,6.777881257033173,26.921353751799284
2173,ais,fixed,8.808097990860821,6.817666645215251,26.950284484575153
2174,ais,fixed,8.860189627532346,6.857501431506603,26.979304026681508
2175,ais,fixed,8.912221793707543,6.8973694690438325,27.02548316890782
2176,ais,fixed,8.964113186859905,6.937338389051071,27.07368551894086
2177,ais,fixed,9.01602535970065,6.9774170717875625,27.12170701253747
2178,ais,fixed,9.067233784945607,7.016951807592654,27.169285473311014
2179,ais,fixed,9.118418251156129,7.056377925922063,27.216885713346763
2180,ais,fixed,9.169916446558279,7.096047512559636,27.26481059903801
2181,ais,fixed,9.22147210996517,7.13573143010372,27.3127966528436
2182,ais,fixed,9.27307094977799,7.175447606713017,27.36083097299936
2183,ais,fixed,9.32464385137612,7.215129875014788,27.40884060199835
2184,ais,fixed,9.376463972091143,7.254965133578253,27.457101130579236
2185,ais,fixed,9.42817977974783,7.294718411486854,27.50522013265588
2186,ais,fixed,9.479819780147675,7.334459678578731,27.553262551026716
2187,ais,fixed,9.531099042196413,7.373850822533491,27.600902092748886
2188,ais,fixed,9.582232192264335,7.4131635482408145,27.648393749367052
2189,ais,fixed,9.633387764564354,7.452533009640044,27.69583327358799
2190,ais,fixed,9.684618939439247,7.491944004183489,27.74334427569694
2191,ais,fixed,9.735987413067907,7.53149529261718,27.790994806531767
2192,ais,fixed,9.787270659932222,7.570974517434709,27.838561732621255
2193,ais,fixed,9.838544800215512,7.610364189939903,27.886121654448818
2194,ais,fixed,9.890135399201014,7.6500283314405015,27.9340015073682
2195,ais,fixed,9.94188704656002,7.689790025638694,27.98204495615451
2196,ais,fixed,9.99331639847664,7.72930399471949,28.02976007790567
2197,ais,fixed,10.044624432922475,7.768650169027358,28.077347596165474
2198,ais,fixed,10.096291199168576,7.808337500311928,28.125299656451272
2199,ais,fixed,10.147703487763074,7.84781749518856,28.172990119157113
2200,ais,fixed,10.198893134055329,7.887169861435351,28.220453551631604
2201,ais,fixed,10.250003426433477,7.926486049541773,28.267836279563824
2202,ais,fixed,10.301088609924474,7.965789097558927,28.31519283043699
2203,ais,fixed,10.3522213837811,8.005216579048652,28.362599695671378
2204,ais,fixed,10.403742420881798,8.044815640200907,28.4104055271329
2205,ais,fixed,10.455779200643908,8.0846327152101,28.458736331154142
2206,ais,fixed,10.507971666682378,8.124642433670218,28.50693060239657
2207,ais,fixed,10.560028921859402,8.164628905313073,28.555079693309573
2208,ais,fixed,10.611853710916073,8.204453362092961,28.60298384153644
2209,ais,fixed,10.663399242394615,8.24409144806629,28.650599526418215
2210,ais,fixed,10.715107239666775,8.28391648331323,28.698379713674186
2211,ais,fixed,10.76640650609394,8.32317222523833,28.745369685213376
2212,ais,fixed,10.817638782762941,8.36235763041972,28.79227012982932
2213,ais,fixed,10.869318025406901,8.401782046243085,28.83943336125369
2214,ais,fixed,10.921265502508493,8.44110727243522,28.886514480940434
2215,ais,fixed,10.973161301821373,8.48034570791883,28.933784329230555
2216,ais,fixed,11.025245524948435,8.519610846562175,28.981262803523215
2217,ais,fixed,11.077208527300382,8.558790468754113,29.02863117560886
2218,ais,fixed,11.128903542856905,8.598179177704536,29.07586749791621
2219,ais,fixed,11.180091369277257,8.63734343800117,29.122554539704186
2220,ais,fixed,11.231152837782668,8.676689813730324,29.169491736333445
2221,ais,fixed,11.281982634081153,8.715955986431727,29.21633738104183
2222,ais,fixed,11.332872257459796,8.755348178557604,29.263234312929928
2223,ais,fixed,11.383571464656299,8.794550729565795,29.309949954854993
2224,ais,fixed,11.434356995107212,8.83381497214425,29.35675066183227
2225,ais,fixed,11.485154462341388,8.873088218583069,29.40356379600858
2226,ais,fixed,11.535890560109085,8.912436797591896,29.450377320970606
2227,ais,fixed,11.586735674743704,8.951611657965712,29.49699949788809
2228,ais,fixed,11.638069569735428,8.99111628480892,29.544116003651176
2229,ais,fixed,11.688871990793173,9.030337492940953,29.590868107171115
2230,ais,fixed,11.739882973594925,9.06965085451178,29.637811272726992
2231,ais,fixed,11.790778140371156,9.108791961300598,29.684632172083802
2232,ais,fixed,11.841904412808399,9.148127321840093,29.731673993130112
2233,ais,fixed,11.892895896878155,9.187414296473468,29.778596156814316
2234,ais,fixed,11.94365615632648,9.226558741183437,29.825301489073027
2235,ais,fixed,11.994468617043463,9.265677498699494,29.87199798724193
2236,ais,fixed,12.045591171402393,9.30490556572157,29.918850103522693
2237,ais,fixed,12.096975393417196,9.344364252371784,29.965968944029342
2238,ais,fixed,12.14808229136634,9.383546474147241,30.012807884292716
2239,ais,fixed,12.199276536945831,9.422859410447535,30.059730096687083
2240,ais,fixed,12.250646241020135,9.462222417541549,30.106849922838652
2241,ais,fixed,12.301955271437459,9.501534193665258,30.153904226648937
2242,ais,fixed,12.353546218776255,9.541059903272918,30.20125147093857
2243,ais,fixed,12.40527983362511,9.580700785783383,30.248745367142117
2244,ais,fixed,12.45661624343104,9.620030925725246,30.295789395882522
2245,ais,fixed,12.50797284324685,9.6594054693998,30.34235109446882
2246,ais,fixed,12.558979218827615,9.698503837068472,30.38854561985902
2247,ais,fixed,12.609878075392572,9.737501730762384,30.434627321909176
2248,ais,fixed,12.661210220298052,9.777041296583377,30.481313012418358
2249,ais,fixed,12.71210727819556,9.816251086512368,30.527620383055236
2250,ais,fixed,12.763227134767499,9.85560591440446,30.574159237018094
2251,ais,fixed,12.81486453241741,9.895114544086452,30.620966290368823
2252,ais,fixed,12.866586824255386,9.934702716577076,30.66786447390462
2253,ais,fixed,12.918244188235153,9.974196600815159,30.714681730098043
2254,ais,fixed,12.969985206622505,10.013770851557794,30.761587565182577
2255,ais,fixed,13.021588871298853,10.05332730258162,30.808364032753154
2256,ais,fixed,13.073217096140802,10.092890625488634,30.8551621543653
2257,ais,fixed,13.124579920397691,10.132249757461704,30.901678111968685
2258,ais,fixed,13.175670068854124,10.171378964405662,30.947899405355017
2259,ais,fixed,13.226981531722856,10.210745952038103,30.99436746828263
2260,ais,fixed,13.277495712872149,10.24968178877392,31.0402952978287
2261,ais,fixed,13.328060074413859,10.288873067388096,31.08647507796234
2262,ais,fixed,13.378954876757593,10.328053436077969,31.1326971909438
2263,ais,fixed,13.429679988508713,10.367050692541959,31.17864358381908
2264,ais,fixed,13.480651069466271,10.40626660125964,31.22486520518221
2265,ais,fixed,13.531413639928058,10.445264402543012,31.27084065728387
2266,ais,fixed,13.582072871948359,10.484151002618402,31.31669260866445
2267,ais,fixed,13.633118050210824,10.523403863445761,31.362983381385025
2268,ais,fixed,13.683939927418574,10.56246272719918,31.408919096293914
2269,ais,fixed,13.734474001780722,10.601266096101451,31.43816148790687
2270,ais,fixed,13.785089695157883,10.640147302994183,31.467479928393008
2271,ais,fixed,13.835755722138543,10.679109354150096,31.4968915280828
2272,ais,fixed,13.885367703074627,10.717605937522567,31.525834639183607
2273,ais,fixed,13.935501061348507,10.75640679654972,31.555111861867264
2274,ais,fixed,13.985616529904203,10.795128643228455,31.58428520775591
2275,ais,fixed,14.035938042725213,10.834030235112857,31.613634807687735
2276,ais,fixed,14.086540422332915,10.873055814227031,31.666324079423244
2277,ais,fixed,14.137197967978093,10.911841118135658,31.7187830588678
2278,ais,fixed,14.18782017575677,10.9505911546366,31.771204131553752
2279,ais,fixed,14.238484854494182,10.989435190180558,31.823619240289542
2280,ais,fixed,14.289003547286526,11.028147377627969,31.875853709981534
2281,ais,fixed,14.339582166557818,11.066943617224464,31.928134294504066
2282,ais,fixed,14.38994169371519,11.105567369952935,31.98011423596065
2283,ais,fixed,14.440276338047713,11.14416561607854,32.032069647256506
2284,ais,fixed,14.490483920786057,11.182669037342807,32.08384701050779
2285,ais,fixed,14.541065333204394,11.221525043232205,32.13608438506457
2286,ais,fixed,14.591563657485311,11.260223890227795,32.18830871885074
2287,ais,fixed,14.641788700989782,11.29881855786359,32.24050710020807
2288,ais,fixed,14.691980200919108,11.33752197310362,32.292758961213536
2289,ais,fixed,14.742000234371716,11.376104655464733,32.344791346191755
2290,ais,fixed,14.791838840762583,11.414548366266635,32.3966066015059
2291,ais,fixed,14.841932090584557,11.453193304146458,32.44873405364192
2292,ais,fixed,14.892075981878849,11.491899396650672,32.500900415917556
2293,ais,fixed,14.942095520115123,11.53049583816456,32.55293836814885
2294,ais,fixed,14.992025793293466,11.569059429022456,32.60482573713243
2295,ais,fixed,15.042030582866168,11.607706611421275,32.65677620088464
2296,ais,fixed,15.092019853986912,11.646218615592499,32.707788098068626
2297,ais,fixed,15.142567798162574,11.684990929617843,32.75447068077778
2298,ais,fixed,15.193637956093639,11.724120068913185,32.80169393129677
2299,ais,fixed,15.244304116154048,11.762888810141316,32.848275541764146
2300,ais,fixed,15.295023872660689,11.801626519977304,32.89439351916305
1990,ais,joint,-0.34713787964992404,-0.43399447837922894,-0.22886329852950021
1991,ais,joint,-0.3193354672297307,-0.4035311740143859,-0.22185888676293936
1992,ais,joint,-0.2939524021136818,-0.37463236983563425,-0.21420464290155602
1993,ais,joint,-0.28062211586340036,-0.3473206420765382,-0.20669702359385703
1994,ais,joint,-0.2755326490479981,-0.32669754810349416,-0.20102591177445245
1995,ais,joint,-0.2692378009091551,-0.30865458596475104,-0.19532598493712358
1996,ais,joint,-0.25582312667523965,-0.2841869262911761,-0.18707726661533983
1997,ais,joint,-0.2314319226882975,-0.2562798903049715,-0.17744390075420852
1998,ais,joint,-0.205705476015956,-0.2272889192240788,-0.16704191173579827
1999,ais,joint,-0.1781745264114598,-0.1992554993564143,-0.15374937717237416
2000,ais,joint,-0.14880850247603472,-0.16839264613419094,-0.13255750716180031
2001,ais,joint,-0.11904999029776908,-0.1366609397903627,-0.1062732661458386
2002,ais,joint,-0.08827116262833745,-0.10406377837622997,-0.07870459335639088
2003,ais,joint,-0.056684789180648454,-0.07130793223679063,-0.04973140504878329
2004,ais,joint,-0.024981249640001923,-0.0388795957352475,-0.019377201506045258
2005,ais,joint,0.00754603872499493,-0.006492356633632623,0.012818574532256365
2006,ais,joint,0.03982252280284626,0.02421471115876576,0.04603276198813777
2007,ais,joint,0.07256725061740193,0.054337694573053257,0.08090477796132202
2008,ais,joint,0.10534522640719379,0.08442271047680648,0.11671479323413886
2009,ais,joint,0.13881442275847755,0.11458632107001757,0.15338627781613082
2010,ais,joint,0.17214681147015443,0.14577598827141147,0.19068410311249245
2011,ais,joint,0.20587743622986943,0.1765277336750447,0.2286604735580145
2012,ais,joint,0.24189560764019935,0.20865925490249346,0.26940827140873136
2013,ais,joint,0.27679082874234484,0.24032019380665287,0.309185412819431
2014,ais,joint,0.31270224406054425,0.27289488362042047,0.35110968167107454
2015,ais,joint,0.34899198222287353,0.3061587123487547,0.3934688822445811
2016,ais,joint,0.3860185437690635,0.3394939907789938,0.4368381192003177
2017,ais,joint,0.42293102843463337,0.37291645668899925,0.4797566380921037
2018,ais,joint,0.4613573346761205,0.4066407165275679,0.5252018945909386
2019,ais,joint,0.49960489115610907,0.44012758433118043,0.5712274319256014
2020,ais,joint,0.5389652374145861,0.4742745817652574,0.617832137372833
2021,ais,joint,0.5790323019773516,0.5086778109573319,0.6654692838831598
2022,ais,joint,0.6194857399274282,0.5431329065947055,0.7142645473870778
2023,ais,joint,0.6609252857201658,0.5792200572791769,0.7657260313877156
2024,ais,joint,0.7025525163457155,0.6146047083603137,0.8163627065123121
2025,ais,joint,0.7447612889760528,0.6504693819922924,0.8703952711946943
2026,ais,joint,0.787851858961228,0.6861103812374608,0.9246309264675872
2027,ais,joint,0.831613874524236,0.7227853682837441,0.98149249089377
2028,ais,joint,0.8757839349494081,0.7607272282291336,1.0403952357874877
2029,ais,joint,0.9199468193268008,0.7976226569584319,1.099051730463227
2030,ais,joint,0.9645759053660522,0.8348784839154738,1.1579952838740657
2031,ais,joint,1.010896067337071,0.8733038065012564,1.2202030858878468
2032,ais,joint,1.0574083496945277,0.9098912438465434,1.2826312308974304
2033,ais,joint,1.104016273048746,0.9483926593737466,1.3481376202433413
2034,ais,joint,1.1509875391200386,0.9865956335302833,1.4125058069386645
2035,ais,joint,1.1988053833134764,1.0262914682142743,1.479566248849819
2036,ais,joint,1.2469853347112174,1.064486872649941,1.5522974989234541
2037,ais,joint,1.2972480997405198,1.1024023035256592,1.62788765623475
2038,ais,joint,1.3469452581916368,1.1425265241306808,1.7034026279996506
2039,ais,joint,1.3974617942623775,1.181452352252886,1.7809634536985313
2040,ais,joint,1.4472495678411235,1.2193392985162412,1.859149467801518
2041,ais,joint,1.4962609810775598,1.2564779143949454,1.9460134593708398
2042,ais,joint,1.547270754737112,1.2951658150155567,2.025116210224034
2043,ais,joint,1.59833470973126,1.3345369028374408,2.1230192448869416
2044,ais,joint,1.6480361484576616,1.3724844296749132,2.231760489114515
2045,ais,joint,1.699182785866184,1.4094715526109316,2.3413867022798196
2046,ais,joint,1.751825055984821,1.447488659373083,2.5100425015958656
2047,ais,joint,1.804846692288243,1.4857301454561807,2.6744399460201387
2048,ais,joint,1.8562585202730806,1.524260542445622,3.2994744686560806
2049,ais,joint,1.9095204339422511,1.5630115759062462,4.409071238657721
2050,ais,joint,1.9630930793023418,1.6020664446283135,5.301903282187842
2051,ais,joint,2.0149530106239952,1.640971360333976,6.587148297950314
2052,ais,joint,2.06922440379254,1.679539416518833,7.427392544328106
2053,ais,joint,2.122303227068962,1.7184981634968601,8.55438256700885
2054,ais,joint,2.176595965133015,1.7572081667632284,9.124578335466456
2055,ais,joint,2.2302724135756797,1.7954029541680778,9.927084706481844
2056,ais,joint,2.2843395963431092,1.835166638561048,10.97697714859032
2057,ais,joint,2.337770958198642,1.8746880027565687,12.089296322352592
2058,ais,joint,2.390458247680507,1.9149314210463675,12.733562501083378
2059,ais,joint,2.4444931591640033,1.9537666557866098,13.523157828943157
2060,ais,joint,2.4982211469918214,1.9926036526076378,14.264795248246033
2061,ais,joint,2.5534633681700742,2.033045098863285,15.167645408423793
2062,ais,joint,2.607517856294796,2.071550323718652,15.829711194143474
2063,ais,joint,2.6610195095325944,2.10848190512291,16.4914077047872
2064,ais,joint,2.716082804752511,2.149033688448547,17.228172087305186
2065,ais,joint,2.769615869796841,2.1873924825014766,18.589132892116847
2066,ais,joint,2.823468211949343,2.225486942163095,19.70500489867539
2067,ais,joint,2.876629744863397,2.264582989363582,20.348967205195706
2068,ais,joint,2.930029780286852,2.3033668024723566,21.387887994679083
2069,ais,joint,2.9836933844888653,2.342780725871221,22.312981118316518
2070,ais,joint,3.0389338004665056,2.3819975427896707,23.300721703565976
2071,ais,joint,3.0922639208861673,2.421032102342887,24.288099908996887
2072,ais,joint,3.1454813071662966,2.4598639128522524,25.146565155276576
2073,ais,joint,3.1984728777492246,2.498127020124769,26.095548371114926
2074,ais,joint,3.251404984135494,2.536401534071621,26.851819508391024
2075,ais,joint,3.30415787895369,2.5732844846570684,27.49944380768994
2076,ais,joint,3.3588698500420815,2.610549271121096,28.186410121166986
2077,ais,joint,3.4139703515976163,2.651390810337194,29.158842262139395
2078,ais,joint,3.4654561952940823,2.688939153366076,30.185582455254057
2079,ais,joint,3.516977572866769,2.7257440074939803,31.056751127009377
2080,ais,joint,3.569408804965035,2.7624159733102145,31.63569403872186
2081,ais,joint,3.6219555098531666,2.7993499057447746,32.796008549770065
2082,ais,joint,3.6741809603930804,2.8391406741745855,33.616399116707676
2083,ais,joint,3.7261536553466046,2.877960518406935,34.493694770080204
2084,ais,joint,3.777815555618388,2.9145595434889002,35.30130383579959
2085,ais,joint,3.8299500655358356,2.9512024509462744,36.070492071367944
2086,ais,joint,3.8808425109323634,2.9877099150776827,36.89319628557976
2087,ais,joint,3.9316954479126704,3.0253321304719627,37.773376151495064
2088,ais,joint,3.98240107248271,3.0637443493087195,38.48485442531439
2089,ais,joint,4.032440476272274,3.098928064171055,39.26430791312569
2090,ais,joint,4.082796849104905,3.134521256329613,40.03851120251212
2091,ais,joint,4.132383661558718,3.1721924481568347,40.888984139854216
2092,ais,joint,4.182079574356609,3.209585169411745,41.68589486475827
2093,ais,joint,4.231416835392329,3.244607271962265,42.944729862728536
2094,ais,joint,4.280783093794335,3.280766293196446,43.78557462196039
2095,ais,joint,4.3291308813380205,3.3158998423885233,44.62555151609268
2096,ais,joint,4.3783994677414855,3.350743927741955,45.46495982730536
2097,ais,joint,4.427183718838069,3.386554740503234,46.2912150037355
2098,ais,joint,4.475385663185751,3.4229758771434233,47.107645313736704
2099,ais,joint,4.523527571872079,3.4594265692306863,47.923466425047664
2100,ais,joint,4.5717069574896705,3.4956801336680323,48.767262575226376
2101,ais,joint,4.61959070907276,3.5307023159953332,49.66276123173569
2102,ais,joint,4.667576783331209,3.5660362710895077,50.5098647957699
2103,ais,joint,4.7155298555672225,3.602607568563258,51.329745965634345
2104,ais,joint,4.763365548469686,3.6389864114647845,52.05275842266211
2105,ais,joint,4.810523299115834,3.672039666305804,52.8081689363141
2106,ais,joint,4.856877777433304,3.7081655747643243,53.284629825682565
2107,ais,joint,4.904211770443495,3.739992137913989,53.89076890885753
2108,ais,joint,4.952082797149629,3.774298284288146,54.33634044965849
2109,ais,joint,4.9992779704231465,3.8086467173176093,54.96239700065991
2110,ais,joint,5.047740454217019,3.8435324020197617,55.76303795997737
2111,ais,joint,5.0951778393432585,3.8776483906027224,56.612509583132166
2112,ais,joint,5.1428171752437875,3.9116462149525364,57.33253467216141
2113,ais,joint,5.186604395560138,3.9458235443705743,57.78152059392623
2114,ais,joint,5.233680274802525,3.9799487673931675,58.0155367917026
2115,ais,joint,5.2823661299127025,4.014288225987318,58.84982158835149
2116,ais,joint,5.328607649323497,4.048811597110201,59.67396384266967
2117,ais,joint,5.374550441824667,4.083708099773953,60.45583666307542
2118,ais,joint,5.41941147000846,4.1182922099490655,61.21258491012897
2119,ais,joint,5.4650709834672915,4.152658358322909,61.624504388974586
2120,ais,joint,5.511037292341474,4.184644024108473,61.855140942223656
2121,ais,joint,5.555220241865026,4.217308797490482,61.953558317356205
2122,ais,joint,5.6013735652176155,4.251138826758113,62.48692188413766
2123,ais,joint,5.64629353316287,4.2844990527646045,62.90409554233765
2124,ais,joint,5.692015074933027,4.317293418535119,63.43873349790568
2125,ais,joint,5.737503811216454,4.350627585435342,64.15443445937831
2126,ais,joint,5.784251813652275,4.38375668201565,64.8345625477733
2127,ais,joint,5.827498381423371,4.417181987986945,64.86582478705058
2128,ais,joint,5.872997685877467,4.450466116813457,64.89414847058384
2129,ais,joint,5.918058306196244,4.4834964568544455,65.15533579101131
2130,ais,joint,5.963222548808297,4.5169048574671,65.80243427047883
2131,ais,joint,6.007996173589156,4.548495469676572,66.45792999822051
2132,ais,joint,6.052905640295416,4.580164513185802,67.10353089739868
2133,ais,joint,6.095493906440972,4.611643454260222,67.74891919768238
2134,ais,joint,6.137367899925993,4.643152898660114,68.37432489945716
2135,ais,joint,6.180984475169853,4.674694733772436,69.01915895687533
2136,ais,joint,6.226109627594964,4.706294788706755,69.17031585424242
2137,ais,joint,6.269592585235819,4.738162116848394,69.4328664848655
2138,ais,joint,6.31254814533361,4.769928170005315,70.07988038000221
2139,ais,joint,6.3558028955506565,4.801142872734954,70.70800876646096
2140,ais,joint,6.399693178935101,4.831832488700428,70.92674900260735
2141,ais,joint,6.444163186206563,4.862321167411191,70.98406461264055
2142,ais,joint,6.488129683279695,4.893650104938052,71.65279216768785
2143,ais,joint,6.5295945295684685,4.926084492736588,71.93069746156328
2144,ais,joint,6.570546594111567,4.958487610159745,73.12340866994248
2145,ais,joint,6.612317562010402,4.990858077546299,73.90228079642692
2146,ais,joint,6.652302742888619,5.023199610402981,74.6354091592559
2147,ais,joint,6.695154186687443,5.055417119622241,74.82184236086724
2148,ais,joint,6.737375633676022,5.086365491096318,74.85813485222128
2149,ais,joint,6.78174325659485,5.116151621273537,74.89389937344687
2150,ais,joint,6.824636140940235,5.146862508909267,74.9295982797624
2151,ais,joint,6.8681300199468,5.179541223325943,74.96492286364703
2152,ais,joint,6.911700291562008,5.212233347827669,75.00014518575446
2153,ais,joint,6.95323489688422,5.244424705068431,75.03534804510288
2154,ais,joint,6.995037646043286,5.276085297544123,75.31449578777014
2155,ais,joint,7.036909406465538,5.307722008900818,75.85440168822565
2156,ais,joint,7.07802641856162,5.339387711756129,75.91869600246102
2157,ais,joint,7.120554913466419,5.370967612799302,76.27123372416715
2158,ais,joint,7.16245936699789,5.402888418893933,76.31454201116641
2159,ais,joint,7.204804700158682,5.433920146801204,76.35659822385568
2160,ais,joint,7.246679167690562,5.465287735601057,76.39840142573117
2161,ais,joint,7.288907027636746,5.496325016107905,76.43953391150963
2162,ais,joint,7.330180157261349,5.527116718231844,76.48014552284104
2163,ais,joint,7.371919478896441,5.558272238961243,76.5210613939006
2164,ais,joint,7.410161259908618,5.589730111819406,76.56215322922485
2165,ais,joint,7.449007148720396,5.62090986362769,76.7237679125128
2166,ais,joint,7.490573434553407,5.652133670078854,77.29641686761128
2167,ais,joint,7.532739224939235,5.683503811374763,77.45974709266676
2168,ais,joint,7.574789633835459,5.714077187483641,77.49334690035249
2169,ais,joint,7.61620841321648,5.74647060529797,77.52666716531839
2170,ais,joint,7.656869418385259,5.7791815406630676,77.55990385446259
2171,ais,joint,7.697911923849643,5.811720675668708,77.59277064379336
2172,ais,joint,7.738806380098836,5.844478712138385,77.62559899997925
2173,ais,joint,7.780314120639771,5.875867449656118,77.77392705665193
2174,ais,joint,7.822497460001468,5.909506497024968,77.84575555044871
2175,ais,joint,7.865194429180324,5.940228395737663,77.97018991467117
2176,ais,joint,7.906344080527701,5.970711466141537,78.6114610465185
2177,ais,joint,7.948590767869598,6.001278051989979,79.24891034814578
2178,ais,joint,7.990586819146442,6.031577903008155,79.47120187212303
2179,ais,joint,8.033031648538142,6.061823829221829,79.64337795922715
2180,ais,joint,8.073746176453806,6.092232141267051,80.18197327161187
2181,ais,joint,8.114130178698858,6.122534883029467,80.26456261328143
2182,ais,joint,8.15428138986226,6.15350671116575,80.34677015462606
2183,ais,joint,8.196856354740461,6.1864840099849685,80.42511275764689
2184,ais,joint,8.23942099367438,6.217975121219986,80.4782503903934
2185,ais,joint,8.281650918976847,6.247908679617746,80.53122877468307
2186,ais,joint,8.323501312043703,6.277942735627404,80.58428201832017
2187,ais,joint,8.366731919732446,6.307671869631041,80.63729282249939
2188,ais,joint,8.409273534268504,6.3374580599243675,80.69061690774001
2189,ais,joint,8.449987816260585,6.367522597896609,80.74440441371678
2190,ais,joint,8.491308005719237,6.3976113215041,80.79842751785351
2191,ais,joint,8.531755499370044,6.427840748208305,80.85259101159792
2192,ais,joint,8.572475169082583,6.45788970146982,80.90642985855634
2193,ais,joint,8.611875983559331,6.487578110644104,81.38758221903537
2194,ais,joint,8.65222011220809,6.5175061352024315,81.8766302991964
2195,ais,joint,8.693850819839827,6.54741273048435,81.96692344066277
2196,ais,joint,8.734153823604451,6.577100901680451,82.03532527356893
2197,ais,joint,8.7747909837733,6.606594137143588,82.55099786748478
2198,ais,joint,8.816693699538833,6.637530840056248,83.04449230978591
2199,ais,joint,8.856744216995246,6.668453224685334,83.42872050472612
2200,ais,joint,8.897564712870349,6.698023118269022,83.89062760145393
2201,ais,joint,8.939138234526343,6.728782634451457,84.43341292015883
2202,ais,joint,8.9784976871345,6.761051888218899,85.12336227770632
2203,ais,joint,9.01894718497811,6.791029342763575,85.66120313275523
2204,ais,joint,9.05943014872705,6.8193599795529325,86.17869072117324
2205,ais,joint,9.101053916295658,6.849559918456338,86.69566619106388
2206,ais,joint,9.143004783386143,6.879857950038268,87.19960153595687
2207,ais,joint,9.184800341260406,6.910054118789189,87.69397082240631
2208,ais,joint,9.227221349017702,6.9402840490444655,88.20205604825783
2209,ais,joint,9.268686597303912,6.970488800055153,88.71931774945821
2210,ais,joint,9.309628386600977,7.001019672926667,89.236954292756
2211,ais,joint,9.352956975988919,7.031270926092485,89.75425301266436
2212,ais,joint,9.394669325157956,7.060922219247801,90.271505350559
2213,ais,joint,9.437512214428192,7.090279397882206,90.78900426856819
2214,ais,joint,9.479483375933786,7.1194025686237765,91.30614532535311
2215,ais,joint,9.520448023163695,7.149841710467137,91.82323516772551
2216,ais,joint,9.560299123422634,7.182022053291171,92.340128720814
2217,ais,joint,9.599955924630521,7.2132125568591565,92.85658587851343
2218,ais,joint,9.640379353621455,7.24344248649616,93.37269179977181
2219,ais,joint,9.681234701287561,7.2733614260135395,93.88817065008584
2220,ais,joint,9.72381052922498,7.303453638178736,94.38855190569215
2221,ais,joint,9.766044887055878,7.333542727204418,94.52124791974207
2222,ais,joint,9.806868819838598,7.364324436016679,94.59505405432424
2223,ais,joint,9.850129457759255,7.394194249756463,94.91687761572958
2224,ais,joint,9.89101407216736,7.424067260750439,95.13810276621646
2225,ais,joint,9.931153138243435,7.453613834481981,95.18069176097588
2226,ais,joint,9.97233754773723,7.48333889979719,95.22338929814447
2227,ais,joint,10.01378924976891,7.512821733800561,95.26583165590851
2228,ais,joint,10.055401681468023,7.542512175841299,95.30846847480694
2229,ais,joint,10.094035632446134,7.5716875895865625,95.35078861047737
2230,ais,joint,10.133679793460962,7.600242312148691,95.37820736121704
2231,ais,joint,10.174080518703361,7.62877371749318,95.40222712124134
2232,ais,joint,10.215925700496832,7.657590269904918,95.42660960141556
2233,ais,joint,10.258294610156254,7.687115535628133,95.45117299791563
2234,ais,joint,10.300597969130818,7.719589711303537,95.475801301953
2235,ais,joint,10.34211425585686,7.749109572538892,95.6284344027968
2236,ais,joint,10.382637804501442,7.778684853407035,95.69849275715272
2237,ais,joint,10.423318751740984,7.80842839043312,95.74215197412528
2238,ais,joint,10.463538322247057,7.837807027496569,95.78463885694303
2239,ais,joint,10.503891296008222,7.868132130706082,95.82726089796657
2240,ais,joint,10.54426575995205,7.898532120827755,95.880158138346
2241,ais,joint,10.585067286111673,7.928882089622221,95.94809837849641
2242,ais,joint,10.627177311734105,7.959382492891058,96.01641755088168
2243,ais,joint,10.667920640563102,7.988746391079013,96.08521874986494
2244,ais,joint,10.708642091633529,8.017594062705326,96.15416379406078
2245,ais,joint,10.749989442949357,8.04659749700501,96.22350414386075
2246,ais,joint,10.790912057913918,8.075351663538513,96.29272129721305
2247,ais,joint,10.828592222983662,8.103895089190303,96.36174270226554
2248,ais,joint,10.866794937327235,8.132930385579295,96.43123607011273
2249,ais,joint,10.905764771588144,8.16152090129454,96.50021020276489
2250,ais,joint,10.944981920790354,8.190001789960512,96.5689951592736
2251,ais,joint,10.98534690312443,8.218356869126048,96.82972173821119
2252,ais,joint,11.024045853758341,8.246924752882471,96.95591139895517
2253,ais,joint,11.062503207504033,8.275793227062636,97.49305992708281
2254,ais,joint,11.101705907545526,8.30534732710788,97.65895628062103
2255,ais,joint,11.143869772919304,8.336101799755342,97.71758814103728
2256,ais,joint,11.186080370767257,8.36686273871639,97.77626194418006
2257,ais,joint,11.225325897573885,8.397489382388633,97.83460923224294
2258,ais,joint,11.263434321185308,8.427928197885217,97.86806965702647
2259,ais,joint,11.30396946838346,8.45673672235871,98.25882992212325
2260,ais,joint,11.343867561695342,8.484403055424549,98.96378531428944
2261,ais,joint,11.383716941131834,8.51237119540258,99.66851434437892
2262,ais,joint,11.423350786730897,8.542921920607137,100.41694021710013
2263,ais,joint,11.462826677327765,8.573009935409127,101.19873249833687
2264,ais,joint,11.5032251749985,8.595943075127519,101.25169043953007
2265,ais,joint,11.54465901294635,8.622859031656882,101.94920953863164
2266,ais,joint,11.585456223991056,8.649959164403217,102.64177894149066
2267,ais,joint,11.626017313903667,8.680930814101032,102.70047593043125
2268,ais,joint,11.66722604450803,8.709877145594143,102.75915338318431
2269,ais,joint,11.709249538010113,8.738486888514885,102.80482751979135
2270,ais,joint,11.749328287276985,8.767133117265747,102.82679946034384
2271,ais,joint,11.788440976539409,8.795846334343194,102.84879709431968
2272,ais,joint,11.828259299747478,8.824151206239385,102.87020471642573
2273,ais,joint,11.86909538436511,8.8527575906203,102.89192001958143
2274,ais,joint,11.909904194352272,8.881189487851891,102.91336065880448
2275,ais,joint,11.950495634823113,8.90991220115043,103.01745901410318
2276,ais,joint,11.9905156946603,8.938805060548765,103.39483993605788
2277,ais,joint,12.030410083750379,8.967501060847086,103.77194010999574
2278,ais,joint,12.070318206369587,8.996166100121432,104.1489194432249
2279,ais,joint,12.110411565417325,9.026849609890178,104.52597685445618
2280,ais,joint,12.151743690831768,9.054660504616532,104.6937873850593
2281,ais,joint,12.192153969223337,9.082274800700565,104.72014794510656
2282,ais,joint,12.230636926072332,9.110592493327216,104.74634969997703
2283,ais,joint,12.268386434641133,9.13900301979828,104.9651350178221
2284,ais,joint,12.307120741059155,9.166864653504389,105.92924338626355
2285,ais,joint,12.34751686737943,9.194397076522536,106.06348615007427
2286,ais,joint,12.386455407533248,9.22288343409371,106.08478278050386
2287,ais,joint,12.424739410674412,9.250324652409576,106.10604660671254
2288,ais,joint,12.463780147047574,9.278003621814287,106.12755364785056
2289,ais,joint,12.503353622662303,9.305659661221448,106.14906315626651
2290,ais,joint,12.542785331429528,9.333128078799055,106.17041874860182
2291,ais,joint,12.582249911705283,9.360656510987129,106.19180989179966
2292,ais,joint,12.621670269360623,9.388178182286348,106.21317262270121
2293,ais,joint,12.660831811326833,9.415497963474673,106.23432211236491
2294,ais,joint,12.699910357476238,9.44278200686469,106.2554052530617
2295,ais,joint,12.739035159253824,9.470142121047488,106.27652329973036
2296,ais,joint,12.776193995351356,9.49259524562172,106.29745559461438
2297,ais,joint,12.815877000497586,9.52279394633053,106.31869843186807
2298,ais,joint,12.854294643348164,9.552625893317824,106.34017540675426
2299,ais,joint,12.891594523854735,9.580199116646076,106.36142153044477
2300,ais,joint,12.93197896336528,9.607604076643424,106.91256296599433
1990,te,fixed,-1.467349264826543,-1.5783751688793028,-1.3256628939302793
1991,te,fixed,-1.352576633375244,-1.454918350593385,-1.2219726394006543
1992,te,fixed,-1.350643995743924,-1.4528394813556114,-1.2202266161077218
1993,te,fixed,-1.5275716483887203,-1.6431542348479646,-1.3800702400108
1994,te,fixed,-1.511529529935968,-1.6258983012887256,-1.3655771389593865
1995,te,fixed,-1.3808536853985123,-1.4853349649826733,-1.2475192761254927
1996,te,fixed,-1.239067671789877,-1.3328208168253783,-1.119424035527488
1997,te,fixed,-1.0965587846638485,-1.1795290994570966,-0.9906757216483063
1998,te,fixed,-0.9524074719894003,-1.0244706836179738,-0.8604435738532501
1999,te,fixed,-0.8017658252946718,-0.8624308474034135,-0.7243477948245516
2000,te,fixed,-0.6447302072064254,-0.693513244647534,-0.5824754424711371
2001,te,fixed,-0.4829039466338927,-0.5194425189635089,-0.43627502921788325
2002,te,fixed,-0.3281543822893047,-0.35298394252822424,-0.2964679906204657
2003,te,fixed,-0.17151288476283744,-0.18449028117686833,-0.1549517027821667
2004,te,fixed,-0.03182267854545606,-0.034230518137284574,-0.028749899662210945
2005,te,fixed,0.10133233819643728,0.09154774798492901,0.10899957511659196
2006,te,fixed,0.22338362049291882,0.20181383117009444,0.2402857780162246
2007,te,fixed,0.3479902191231038,0.31438849086600995,0.37432064338254434
2008,te,fixed,0.4756776999656981,0.4297465446232184,0.5116695036503326
2009,te,fixed,0.6117143211690247,0.5526475507215977,0.6579992358500838
2010,te,fixed,0.7556643461900442,0.6826978470791314,0.8128411337533686
2011,te,fixed,0.9113230161326601,0.8233262085795947,0.9802776025938308
2012,te,fixed,1.065941966681553,0.9630152453716213,1.1465956824365322
2013,te,fixed,1.2316486605122292,1.1127213995592273,1.3248404515101997
2014,te,fixed,1.4051013501105567,1.269425600777532,1.5114173114302494
2015,te,fixed,1.5818849228167893,1.4291390570150837,1.701577083281344
2016,te,fixed,1.7618051478205015,1.5916862922728077,1.8951108399214895
2017,te,fixed,1.93870104746932,1.751501229230284,2.0853914378507543
2018,te,fixed,2.118294128946771,1.9137529097457595,2.278573297890078
2019,te,fixed,2.3002477622713124,2.0781372086281755,2.474294319197691
2020,te,fixed,2.47172321677615,2.233055095395757,2.658744337983588
2021,te,fixed,2.6553213753002236,2.3989251251041006,2.8562343162817134
2022,te,fixed,2.8422458745341572,2.567800306044895,3.057302320415627
2023,te,fixed,3.036755516439615,2.7435282127994003,3.266529391468456
2024,te,fixed,3.237691795178054,2.92506220416271,3.4826693661085453
2025,te,fixed,3.443936000195947,3.1113915916059174,3.704518887370258
2026,te,fixed,3.6522847963244063,3.299622352095782,3.9286322420826627
2027,te,fixed,3.85185771247326,3.4799246263489874,4.143305696304496
2028,te,fixed,4.047591393556809,3.656758379787721,4.3538494225605175
2029,te,fixed,4.246937911281349,3.836856116513596,4.568279348087598
2030,te,fixed,4.445719312042913,4.016443303633793,4.782101397491894
2031,te,fixed,4.647677563739496,4.198900586855209,4.999340671923155
2032,te,fixed,4.845775650580136,4.377870440439629,5.212427704960735
2033,te,fixed,5.047249694742695,4.559890270918059,5.42914613465066
2034,te,fixed,5.252783152386474,4.745577540330194,5.650231130360385
2035,te,fixed,5.4634264469389215,4.935881243843085,5.876812595034248
2036,te,fixed,5.675247968138908,5.127249405140309,6.104661436009285
2037,te,fixed,5.887204045966285,5.318739130357139,6.332655014740063
2038,te,fixed,6.101715179696077,5.512537196800521,6.563396975800899
2039,te,fixed,6.315407434097656,5.705595454415806,6.793258097630785
2040,te,fixed,6.520335482776115,5.890735772791665,7.013691876550628
2041,te,fixed,6.724848995581397,6.075501582631318,7.233679754045012
2042,te,fixed,6.926655464625446,6.2578217392427105,7.450755761300851
2043,te,fixed,7.128320561130874,6.440014174163595,7.6676796991688025
2044,te,fixed,7.331141765519995,6.623251083879625,7.885847220974065
2045,te,fixed,7.53347688127343,6.806048841389066,8.103491874604154
2046,te,fixed,7.740999156633768,6.993532889463812,8.326716170461772
2047,te,fixed,7.948909674928535,7.181367691966518,8.550358085370199
2048,te,fixed,8.15584697064048,7.368323245679241,8.77295313952411
2049,te,fixed,8.361285825472674,7.553925047070924,8.993936374370021
2050,te,fixed,8.563636152113702,7.736736546713712,9.21159738980834
2051,te,fixed,8.762347007293597,7.916260000091583,9.425343555851361
2052,te,fixed,8.959532757029724,8.094405611298813,9.637449220467714
2053,te,fixed,9.153180324367,8.269354684891894,9.845748988713531
2054,te,fixed,9.34450053284881,8.442201128014162,10.051545300206008
2055,te,fixed,9.534852327254958,8.614172666547018,10.256299923283287
2056,te,fixed,9.723300163951844,8.784424092392811,10.459006527090082
2057,te,fixed,9.91612028858501,8.958625620656374,10.666416244787511
2058,te,fixed,10.112062739178477,9.13564798494551,10.877184536945029
2059,te,fixed,10.306308804906983,9.3111377662817,11.08612808852313
2060,te,fixed,10.497795897221227,9.484134979032955,11.292103910990614
2061,te,fixed,10.685061920505136,9.653318706664907,11.493539280340825
2062,te,fixed,10.864744596451299,9.81565133046057,11.686817513948506
2063,te,fixed,11.04186897220907,9.975672682010027,11.877343875463644
2064,te,fixed,11.216551448682537,10.133487922615403,12.065243573179213
2065,te,fixed,11.388126005720451,10.288495342634501,12.249800193018537
2066,te,fixed,11.558943977309546,10.442819232645018,12.433542980926934
2067,te,fixed,11.725843580774576,10.593603109823311,12.613070920265997
2068,te,fixed,11.894317558200381,10.7458093403506,12.79429235741488
2069,te,fixed,12.06492062538888,10.899939077001417,12.977803980339093
2070,te,fixed,12.237411820070477,11.055774624679376,13.163346594535952
2071,te,fixed,12.408099202909806,11.209980535512011,13.346948912792772
2072,te,fixed,12.576307126274155,11.361946401999525,13.527884165095113
2073,te,fixed,12.74395929848532,11.513410180334143,13.708221615741577
2074,te,fixed,12.903526515174853,11.657569681636003,13.87986236864693
2075,te,fixed,13.06038189557999,11.799279199949622,14.048586096167828
2076,te,fixed,13.21270267842375,11.936891978741079,14.212432119134464
2077,te,fixed,13.361901386324785,12.07168414828643,14.372919837651644
2078,te,fixed,13.508794439111192,12.204393295401516,14.530927445353921
2079,te,fixed,13.65349968230663,12.33512588651644,14.686581704459932
2080,te,fixed,13.802696282289546,12.469916151682988,14.847067155564913
2081,te,fixed,13.955309819123391,12.607793416313646,15.011228083537208
2082,te,fixed,14.109200542379853,12.746824543006785,15.17676283530443
2083,te,fixed,14.261788489629907,12.88467868896862,15.340896237475878
2084,te,fixed,14.40531940329151,13.014350343109932,15.495287312266658
2085,te,fixed,14.540493013473064,13.136471670016695,15.64068873434973
2086,te,fixed,14.67111886041928,13.254484362996974,15.781198290033538
2087,te,fixed,14.798248069819596,13.369338051669802,15.917946637660533
2088,te,fixed,14.9237778263162,13.482746729658489,16.052974510954986
2089,te,fixed,15.048935941946379,13.595819652201424,16.1876026234499
2090,te,fixed,15.17329977351168,13.70817498627562,16.321376352959735
2091,te,fixed,15.299179386195657,13.821899738546641,16.456780554052937
2092,te,fixed,15.429437367301567,13.939580086593013,16.596894409597905
2093,te,fixed,15.557730708456038,14.055485499151303,16.73489497215294
2094,te,fixed,15.685363946689755,14.170794547933635,16.8721854855847
2095,te,fixed,15.813553387472908,14.286606092678566,17.010074286223162
2096,te,fixed,15.93457973950781,14.395946212257646,17.140258008265995
2097,te,fixed,16.045747358384396,14.496379552079235,17.259837043349364
2098,te,fixed,16.155471418841856,14.595508722622693,17.377863294226408
2099,te,fixed,16.26437568797144,14.693897260400545,17.495007724867058
2100,te,fixed,16.3727053850046,14.791766706421322,17.611534108835755
2101,te,fixed,16.48145192517984,14.890012745458703,17.728508876076617
2102,te,fixed,16.59321495297725,14.990984001870398,17.84872837125934
2103,te,fixed,16.709023750239545,15.095610370657571,17.973299756081072
2104,te,fixed,16.81921271074517,15.19515955077749,18.091826083326858
2105,te,fixed,16.92765948225322,15.293134766631606,18.208478400124573
2106,te,fixed,17.034328659438835,15.389504031612127,18.323218622231444
2107,te,fixed,17.137696932395684,15.482891125709829,18.434408179616284
2108,te,fixed,17.23376607565472,15.569683889725177,18.537746324017437
2109,te,fixed,17.327716345347177,15.65456237734329,18.638805271840344
2110,te,fixed,17.418447578691172,15.736532656845139,18.736401617294533
2111,te,fixed,17.510269769335718,15.819488551460495,18.835171466531882
2112,te,fixed,17.60148737415542,15.901898238698092,18.93329098440214
2113,te,fixed,17.694141761232594,15.985605973354284,19.032955997603775
2114,te,fixed,17.79160942140613,16.073662214323978,19.137798476674266
2115,te,fixed,17.8855439676086,16.158526496702933,19.238840511300864
2116,te,fixed,17.98044984386926,16.24426831808829,19.34092737096087
2117,te,fixed,18.07357742292573,16.32840355358815,19.441101379865255
2118,te,fixed,18.160451603710676,16.40688921522836,19.534548831712307
2119,te,fixed,18.24292008712134,16.48139459100824,19.62325723233015
2120,te,fixed,18.323680016642882,16.55435638984472,19.710127802584136
2121,te,fixed,18.403185873856465,16.626185208848234,19.795649412070354
2122,te,fixed,18.48213792297888,16.69751369513995,19.880575309983065
2123,te,fixed,18.563898729704597,16.771379727074006,19.96852248807953
2124,te,fixed,18.64895848011672,16.848226158657322,20.060018222012673
2125,te,fixed,18.73505979326004,16.92601358029498,20.15263432775583
2126,te,fixed,18.816508117228484,16.999597302620657,20.24024537931677
2127,te,fixed,18.89954719647234,17.07461817783998,20.329567549482306
2128,te,fixed,18.98027754208516,17.147553249372347,20.41640629738285
2129,te,fixed,19.057380288494105,17.21721100051896,20.499342966450975
2130,te,fixed,19.127538987717408,17.28059521753954,20.57481017210499
2131,te,fixed,19.19852638682226,17.344728115674762,20.651168780608234
2132,te,fixed,19.267170499365662,17.406743993602994,20.725006799493997
2133,te,fixed,19.337629765196326,17.470399754698377,20.800797313906887
2134,te,fixed,19.409872863569866,17.53566710252894,20.87850663324143
2135,te,fixed,19.48634258110434,17.604752949692095,20.960762375770383
2136,te,fixed,19.56125744528017,17.672434079210678,21.041345618103676
2137,te,fixed,19.63652691961199,17.740435577939834,21.122310301909874
2138,te,fixed,19.71053663239011,17.807298956940468,21.201919905229968
2139,te,fixed,19.779043064317875,17.86919044861129,21.275609825997456
2140,te,fixed,19.848794588919514,17.93220680754911,21.35063904846122
2141,te,fixed,19.914060368682783,17.99117056249795,21.420843115499114
2142,te,fixed,19.97877719656532,18.049638372032646,21.490456694615546
2143,te,fixed,20.04203111945099,18.106784533805502,21.55849667910332
2144,te,fixed,20.104001399355397,18.162771000398685,21.62515589470675
2145,te,fixed,20.166002364443052,18.218785189232104,21.691848117265284
2146,te,fixed,20.228577243482906,18.27531787522838,21.75915767855355
2147,te,fixed,20.291334339437036,18.332015183382243,21.82666324406503
2148,te,fixed,20.352506899199632,18.387280957215303,21.892464380618218
2149,te,fixed,20.414235084057886,18.44304870531577,21.9588631832317
2150,te,fixed,20.475086155997708,18.498024033998707,22.024318506822198
2151,te,fixed,20.535216577708773,18.552348298009676,22.08899865271385
2152,te,fixed,20.59301974592762,18.604570026739264,22.15117545518764
2153,te,fixed,20.65069214374855,18.656673612182665,22.21321159261744
2154,te,fixed,20.705909071143477,18.70655882596164,22.272606468255493
2155,te,fixed,20.762804218820946,18.75796021207241,22.33380654548077
2156,te,fixed,20.820913239040788,18.81045825991598,22.3963123420225
2157,te,fixed,20.88267770483415,18.866258785686075,22.46275017074139
2158,te,fixed,20.947832906231756,18.92512263965037,22.53283529258283
2159,te,fixed,21.013829932762608,18.98474703261452,22.603825935637722
2160,te,fixed,21.079678952990538,19.044237710676192,22.67465737360153
2161,te,fixed,21.144077905930367,19.102418339083286,22.74392902600125
2162,te,fixed,21.20064057670097,19.153519352059256,22.804771469698778
2163,te,fixed,21.25726582706186,19.204676901977557,22.865681228025313
2164,te,fixed,21.310061599086566,19.252374745706554,22.922471753350894
2165,te,fixed,21.363603562424192,19.300746728959812,22.980064930006858
2166,te,fixed,21.4158479043558,19.347946388357006,23.03626230168649
2167,te,fixed,21.467674603770423,19.39476873254986,23.09201043023493
2168,te,fixed,21.523679686920467,19.44536599823375,23.152253096854253
2169,te,fixed,21.586622574535312,19.50223115811625,23.219958511815957
2170,te,fixed,21.65666406523672,19.565509484199982,23.295299640451375
2171,te,fixed,21.724224758540313,19.626546557204794,23.367972263976547
2172,te,fixed,21.79055917175357,19.68647575899429,23.439325821829293
2173,te,fixed,21.846973703048544,19.737442936754153,23.5000089171866
2174,te,fixed,21.902657540429544,19.78774997596909,23.55990603121178
2175,te,fixed,21.9549424351436,19.83498627239622,23.616147024070354
2176,te,fixed,22.002671770152556,19.878106891249573,23.66748776414573
2177,te,fixed,22.050015734749394,19.920879350828244,23.718413975039887
2178,te,fixed,22.09819264924353,19.964404331158317,23.770236160373354
2179,te,fixed,22.14743881589273,20.008895317292332,23.823208502040618
2180,te,fixed,22.201614163577922,20.05783952567787,23.881482987605455
2181,te,fixed,22.25935975919105,20.11000924097825,23.943597861284612
2182,te,fixed,22.318067110647835,20.163047845550956,24.006747261356733
2183,te,fixed,22.37457330178445,20.21409783253275,24.067528951930264
2184,te,fixed,22.427119933008164,20.261570592348082,24.12405148539919
2185,te,fixed,22.479282808330538,20.3086966515033,24.180161226358443
2186,te,fixed,22.528487143465224,20.353149845348923,24.23308857136038
2187,te,fixed,22.574377290471315,20.394608867097347,24.28245096262392
2188,te,fixed,22.620525655953866,20.43630117389997,24.332091110275226
2189,te,fixed,22.66650323039238,20.477839181140023,24.381547544103633
2190,te,fixed,22.7136403859239,20.52042480101352,24.432251297876494
2191,te,fixed,22.766321632316618,20.56801917763733,24.488918632072284
2192,te,fixed,22.822310752322643,20.618602021568886,24.54914412770803
2193,te,fixed,22.8772633266831,20.66824840808492,24.608254648233476
2194,te,fixed,22.93195525373652,20.717659315242614,24.6670847997649
2195,te,fixed,22.987369296567103,20.76772261110821,24.72669170543324
2196,te,fixed,23.034734012509333,20.810513818294716,24.777640237808093
2197,te,fixed,23.08419714204482,20.85520081750796,24.830845958699022
2198,te,fixed,23.128799835660345,20.895496701598262,24.87882348235709
2199,te,fixed,23.173432745581806,20.935819884326,24.926833508615697
2200,te,fixed,23.21783406640084,20.97593384005709,24.97459442275259
2201,te,fixed,23.260976212548595,21.01491020627304,25.021000887691816
2202,te,fixed,23.30966575687338,21.058898317202697,25.073374490615432
2203,te,fixed,23.364388438960113,21.108337009706013,25.13223772423718
2204,te,fixed,23.42265485744531,21.1609772575322,25.194912828468368
2205,te,fixed,23.479968215703668,21.2127564720593,25.256562759870874
2206,te,fixed,23.536398471400048,21.263737855881736,25.317262769404877
2207,te,fixed,23.58304487351233,21.305880109193804,25.367438637261586
2208,te,fixed,23.63066305502631,21.34890030746745,25.41865981349446
2209,te,fixed,23.67067202408468,21.385046034307305,25.461696031801804
2210,te,fixed,23.711038611845147,21.42151484840042,25.505116927767588
2211,te,fixed,23.751445023622967,21.4580196411275,25.548580661005744
2212,te,fixed,23.7915955501905,21.49429325676776,25.59176914766717
2213,te,fixed,23.834003307761485,21.53260614653044,25.63738565705753
2214,te,fixed,23.87767731730208,21.572063019726862,25.684364228442455
2215,te,fixed,23.919960448683852,21.61026331713092,25.729846681894557
2216,te,fixed,23.960969289354438,21.647312368575754,25.773958426365045
2217,te,fixed,24.000716762071786,21.683221849005502,25.816713362402847
2218,te,fixed,24.041225110978445,21.719818735872984,25.86028674576781
2219,te,fixed,24.0802376530511,21.755064250123283,25.902251143173636
2220,te,fixed,24.11934450475561,21.790394967523568,25.944316986080327
2221,te,fixed,24.1592406532887,21.82643876772086,25.987231847380233
2222,te,fixed,24.19864886463057,21.86204174565145,26.029621852079842
2223,te,fixed,24.23692713350315,21.896623887684456,26.070796418043386
2224,te,fixed,24.275301372906835,21.93129273339126,26.112074216077765
2225,te,fixed,24.315278407372496,21.96740960922365,26.155076083484907
2226,te,fixed,24.356193156423863,22.004373654479966,26.199086616962934
2227,te,fixed,24.397133084974378,22.041360447917985,26.24312423512841
2228,te,fixed,24.438631026400714,22.07885137284096,26.287762087803983
2229,te,fixed,24.480731029360932,22.11688622459475,26.33304755655706
2230,te,fixed,24.5211138626524,22.15336971556007,26.376485927260013
2231,te,fixed,24.562082706883054,22.190382632597387,26.42055464898933
2232,te,fixed,24.603430306796014,22.22773773289395,26.465030784671367
2233,te,fixed,24.64296992120053,22.26345942568573,26.50756213494982
2234,te,fixed,24.68030211194103,22.297186842327505,26.547719038474504
2235,te,fixed,24.716663693234032,22.330037370991832,26.586831892100967
2236,te,fixed,24.75224808244989,22.362185752783002,26.62510874798278
2237,te,fixed,24.78846330656719,22.394904056433326,26.664064170425373
2238,te,fixed,24.83196644722664,22.434206559745977,26.710858944260806
2239,te,fixed,24.87824724011047,22.476018506838894,26.760641539335406
2240,te,fixed,24.923370383806834,22.516784586660272,26.809178892547312
2241,te,fixed,24.96693329545102,22.556141089506983,26.856037959895126
2242,te,fixed,25.010440219984424,22.59544701132497,26.902836803908553
2243,te,fixed,25.0532756970198,22.634146320215354,26.94891339584233
2244,te,fixed,25.090697637151706,22.66795482010077,26.989166839580196
2245,te,fixed,25.126619346610894,22.700407950693517,27.027806538793715
2246,te,fixed,25.160697316355602,22.731195371980284,27.064462993081875
2247,te,fixed,25.194597817052653,22.76182246052491,27.100928550257265
2248,te,fixed,25.22989822399952,22.793714281205816,27.138899936560342
2249,te,fixed,25.27210004227912,22.831841117052402,27.184294924414132
2250,te,fixed,25.318246684283878,22.87353186679522,27.23393321818196
2251,te,fixed,25.364850539611663,22.91563568161496,27.284063319982987
2252,te,fixed,25.408483489019744,22.955055459420805,27.33099772445064
2253,te,fixed,25.4484616953098,22.991173393926925,27.374000852347404
2254,te,fixed,25.484074267403184,23.023347237273757,27.41230802354346
2255,te,fixed,25.51638718656171,23.05254004020748,27.44706587598962
2256,te,fixed,25.54871962574505,23.081750478324054,27.48184472542893
2257,te,fixed,25.579580718543454,23.109631642386123,27.5150409001401
2258,te,fixed,25.60919753442506,23.13638867616925,27.54689865063573
2259,te,fixed,25.638898143626953,23.163221412239576,27.578846534611664
2260,te,fixed,25.67010330015242,23.191413417440177,27.612412806379016
2261,te,fixed,25.70109514455914,23.219412707813156,27.645749625922875
2262,te,fixed,25.734545397494458,23.249633024251708,27.681730867670446
2263,te,fixed,25.76700998148871,23.27896284735497,27.716651860560695
2264,te,fixed,25.798303605739868,23.30723477789038,27.750313293899204
2265,te,fixed,25.8293415374266,23.335275705383058,27.78369968788326
2266,te,fixed,25.857090098144106,23.36034488160779,27.813547823060425
2267,te,fixed,25.883865902851184,23.38453523056298,27.842349599358318
2268,te,fixed,25.910990033234956,23.409040271075025,27.871526057139313
2269,te,fixed,25.937125283016908,23.432651916707076,27.89963881139429
2270,te,fixed,25.963260534794852,23.456263564142386,27.92775156779629
2271,te,fixed,25.990259553192463,23.480655573407123,27.956793447084614
2272,te,fixed,26.018898791609253,23.50652942402309,27.987599652434792
2273,te,fixed,26.047704539116257,23.5325537057107,28.018584965663155
2274,te,fixed,26.076211577906804,23.55830812181757,28.049248968599493
2275,te,fixed,26.10436196950506,23.58374032837259,28.079529338895775
2276,te,fixed,26.133790461624983,23.610327222824274,28.111184516250656
2277,te,fixed,26.162424772987244,23.636196622139153,28.141985421744337
2278,te,fixed,26.188803319249878,23.66002807168864,28.170359881329453
2279,te,fixed,26.215044380501546,23.68373531169792,28.19858645320126
2280,te,fixed,26.2407413143727,23.706950964942415,28.226227726694088
2281,te,fixed,26.267496992547485,23.73112313077128,28.2550078536004
2282,te,fixed,26.29368974431536,23.754786726031742,28.28318246068682
2283,te,fixed,26.321425101838162,23.77984397395439,28.31301639365925
2284,te,fixed,26.34833168390125,23.804152472482002,28.341958842485713
2285,te,fixed,26.373274546184547,23.826686866841946,28.368788988118002
2286,te,fixed,26.396528810271974,23.847695713041904,28.393802769012556
2287,te,fixed,26.421416567028714,23.870180322832113,28.420573639599105
2288,te,fixed,26.446383907191525,23.8927368315021,28.447430115211674
2289,te,fixed,26.472063906214117,23.915937185116913,28.47505317249307
2290,te,fixed,26.495930131065364,23.937498901513884,28.500725217713025
2291,te,fixed,26.519618894019615,23.958900291628918,28.526206373511926
2292,te,fixed,26.54240651511074,23.97948755360231,28.55071820321071
2293,te,fixed,26.56636543731146,24.00113301654791,28.576489959656985
2294,te,fixed,26.590741846564843,24.02315565424507,28.602710792007027
2295,te,fixed,26.61572000321714,24.045721934970768,28.62957890253082
2296,te,fixed,26.64312191675588,24.070477936061817,28.65905416172512
2297,te,fixed,26.67302240370992,24.097491249807604,28.69121704705647
2298,te,fixed,26.705290986226633,24.12664399721924,28.725927208161384
2299,te,fixed,26.73616596339027,24.154537704980505,28.759138317788082
2300,te,fixed,26.767802492602826,24.183119429778507,28.79316860173996
1990,te,joint,-1.2958898171389874,-1.7058741374175128,-0.8879970501274024
1991,te,joint,-1.2073416563446373,-1.5857364286250188,-0.8312749349282784
1992,te,joint,-1.1870311789094576,-1.53877275312365,-0.8410836103392733
1993,te,joint,-1.2551587187176823,-1.6027723685182995,-0.9252405153914318
1994,te,joint,-1.2406545182936872,-1.5785609796838438,-0.9161204790168292
1995,te,joint,-1.1438697540239247,-1.4605712029905797,-0.8424646782921325
1996,te,joint,-1.0245700779197837,-1.3122530723342245,-0.7471493652786027
1997,te,joint,-0.9143852367390564,-1.1746300182033378,-0.6625572717602819
1998,te,joint,-0.8045807290250073,-1.0347715478390087,-0.5747300037735469
1999,te,joint,-0.6757884030962744,-0.8704370865786414,-0.47646632628517893
2000,te,joint,-0.5366924988451227,-0.6994371355071252,-0.3680747094185007
2001,te,joint,-0.40412219427097185,-0.5369708229972545,-0.2696794380188752
2002,te,joint,-0.28045341354910813,-0.38016973665996195,-0.1814983272933906
2003,te,joint,-0.1615238087271187,-0.2311966243893498,-0.09589237659821015
2004,te,joint,-0.04754863606202786,-0.0891337082032339,-0.010420266118990698
2005,te,joint,0.06192766880454004,0.031602299151808524,0.0947459063324461
2006,te,joint,0.17016019108492508,0.12182891071707252,0.22596416856450108
2007,te,joint,0.2813722003997694,0.20190549782016418,0.366622722496037
2008,te,joint,0.39912597889041335,0.2855548485362206,0.5187229297105224
2009,te,joint,0.523869631175037,0.3733822718930597,0.6794575328301525
2010,te,joint,0.6433055461606381,0.45543377374738747,0.8327152395840266
2011,te,joint,0.7744400733217751,0.548093828829854,0.999367620983385
2012,te,joint,0.9080069204447185,0.6395184189623747,1.1733648190457928
2013,te,joint,1.0462552833802001,0.736627303587224,1.351044258996959
2014,te,joint,1.1854101233013266,0.830850328760399,1.531685774785957
2015,te,joint,1.318233129926549,0.9260070396680569,1.7106080247481
2016,te,joint,1.4531468192667254,1.0152823654951042,1.8864845631453684
2017,te,joint,1.588371596573641,1.1078841488068927,2.0658006864797454
2018,te,joint,1.7239668285244996,1.2000133470327428,2.250568091625816
2019,te,joint,1.8606894333619903,1.2956949399061146,2.431501743139698
2020,te,joint,2.000286958533316,1.3951468714234,2.624396111135679
2021,te,joint,2.1444247993987626,1.4946114732561437,2.8139257231891395
2022,te,joint,2.2883526930009466,1.6019263680698155,3.0171700018319245
2023,te,joint,2.4402079368247374,1.7122050666721516,3.2365146692351203
2024,te,joint,2.592781837209979,1.8182705839466178,3.443698057151331
2025,te,joint,2.7452947595712125,1.917695387055974,3.6470343422161373
2026,te,joint,2.895979751184977,2.0111744959931643,3.8496015694729206
2027,te,joint,3.0498676982085744,2.105900586610682,4.058070796739523
2028,te,joint,3.2009875135634003,2.1876457019382354,4.261887043198139
2029,te,joint,3.3455002330798465,2.265442982188766,4.470504142579997
2030,te,joint,3.4888068817204996,2.346488870737714,4.6865992925533435
2031,te,joint,3.6325027426623517,2.4355706270846844,4.902808434343908
2032,te,joint,3.780484088131944,2.531392210305905,5.126144682454734
2033,te,joint,3.9246958878984453,2.6193401402319028,5.332179613094197
2034,te,joint,4.072976775418009,2.7084199385165055,5.556880821107287
2035,te,joint,4.225013665396935,2.801483944827473,5.777140636544103
2036,te,joint,4.37275100891978,2.8976470212926784,6.001726468594284
2037,te,joint,4.523971096989297,2.9901469838496393,6.224567107001384
2038,te,joint,4.675713712390005,3.082381475685683,6.437924055459614
2039,te,joint,4.8229376622382,3.1698233873431803,6.65614432337542
2040,te,joint,4.967001486731172,3.2537897303412247,6.866015764755226
2041,te,joint,5.109034096732264,3.329575418552133,7.07918408480248
2042,te,joint,5.23846304678538,3.406786696843032,7.284832396530191
2043,te,joint,5.373849797108877,3.488219072596844,7.4928687705691885
2044,te,joint,5.513419535783874,3.5675835325376175,7.704039548573307
2045,te,joint,5.653001498768238,3.640058619299222,7.905539423514025
2046,te,joint,5.79291394464413,3.723764434263794,8.110605161485323
2047,te,joint,5.928189497825827,3.801367510618106,8.338507120558186
2048,te,joint,6.074065084797838,3.87795241155765,8.563312045337002
2049,te,joint,6.216202319926502,3.9446265672806238,8.784424722907774
2050,te,joint,6.351832114169756,4.013438434441946,8.999383482190787
2051,te,joint,6.478470829544162,4.0879227282294535,9.190403510342527
2052,te,joint,6.600992967761597,4.156569256076676,9.37596375023404
2053,te,joint,6.720169271704786,4.2216443765138285,9.574656266012267
2054,te,joint,6.8481930878981245,4.276351252674191,9.783903848651244
2055,te,joint,6.963359276565974,4.343744162776135,9.993152294287338
2056,te,joint,7.086056389410471,4.404640611336855,10.20298968001508
2057,te,joint,7.205595417767579,4.482266836647207,10.415312871995313
2058,te,joint,7.328790286791971,4.546699459573291,10.62423012511104
2059,te,joint,7.442175917938132,4.61631560866329,10.831782466152603
2060,te,joint,7.5616101167410115,4.673226937938869,11.036095905925807
2061,te,joint,7.6736553751921575,4.726493678747954,11.234182415826641
2062,te,joint,7.782492629476648,4.780006564764868,11.432996716938327
2063,te,joint,7.8934654386211704,4.829808697246807,11.626303520359832
2064,te,joint,7.9970467355598185,4.883576358892642,11.820462381198631
2065,te,joint,8.106437902088157,4.933196449110554,12.003432828181941
2066,te,joint,8.215622061624945,4.982454733346887,12.174009210241977
2067,te,joint,8.324252121967753,5.047001993812103,12.37360353546261
2068,te,joint,8.424964737422814,5.103052663257046,12.553898653670217
2069,te,joint,8.530543902372234,5.157391036354216,12.745786541475516
2070,te,joint,8.633229234934284,5.209064934405499,12.932964982254068
2071,te,joint,8.734105055086442,5.257761086712779,13.113619483887287
2072,te,joint,8.829012712303843,5.304337747604119,13.289780061415623
2073,te,joint,8.925848426058426,5.349977698837739,13.46327769207551
2074,te,joint,9.019905163564689,5.393451040431592,13.641677888807472
2075,te,joint,9.108481118261073,5.435364321710699,13.804751207085483
2076,te,joint,9.196698238332221,5.475692361260035,13.977723177980431
2077,te,joint,9.28300596828058,5.516665507975522,14.161209726705223
2078,te,joint,9.367192187398748,5.556935290070058,14.321563160644617
2079,te,joint,9.460033020618955,5.598057787011321,14.467940610151958
2080,te,joint,9.550135771893547,5.6339842282116255,14.631503966060269
2081,te,joint,9.635339634388552,5.677616524558778,14.799799613524899
2082,te,joint,9.721796038041106,5.717557251899968,14.978718395899508
2083,te,joint,9.795762836913209,5.756345128450715,15.141126958493478
2084,te,joint,9.870794196687001,5.792797020628526,15.30497977867903
2085,te,joint,9.947108947483013,5.826512543720559,15.459620305102437
2086,te,joint,10.01024490224042,5.858228597661048,15.6025319882137
2087,te,joint,10.076054972784348,5.888707099796756,15.743393010609964
2088,te,joint,10.146533996290636,5.918998450074263,15.884266025897723
2089,te,joint,10.212893956671275,5.950117150524177,16.024189024531882
2090,te,joint,10.27806952291942,5.983327924447326,16.164587306739215
2091,te,joint,10.356051783705713,6.018093163565208,16.305271210673382
2092,te,joint,10.435559668403886,6.049061351953799,16.446158522885256
2093,te,joint,10.507236882493473,6.075928867637288,16.585428566991542
2094,te,joint,10.57369644926391,6.10429262961931,16.72121989503701
2095,te,joint,10.637956894288788,6.134783107813099,16.863168361315477
2096,te,joint,10.697361012951035,6.158901496173488,17.003658417471325
2097,te,joint,10.752232246528052,6.178513641302912,17.144177677464718
2098,te,joint,10.811340106708307,6.194392602478232,17.282427456238324
2099,te,joint,10.865709485531513,6.214898693158224,17.419272453599376
2100,te,joint,10.934297867385698,6.245479406192386,17.55602706769443
2101,te,joint,10.998146709800313,6.268305474053572,17.692267023770214
2102,te,joint,11.05456109331202,6.297771901169733,17.827053794224902
2103,te,joint,11.113429083634575,6.325632442444348,17.948600899622473
2104,te,joint,11.174830496960404,6.351986896377929,18.06150578605943
2105,te,joint,11.229455523981624,6.370304506491465,18.18834480509044
2106,te,joint,11.28690438311493,6.3823441580670295,18.284512433108564
2107,te,joint,11.340422364627303,6.3975272264009275,18.40919174331193
2108,te,joint,11.38975464802072,6.418902183951322,18.532605613922982
2109,te,joint,11.4371781310631,6.441917885242434,18.65542478227048
2110,te,joint,11.492273905567703,6.4600654789495735,18.778540528324793
2111,te,joint,11.545810191318253,6.491427368285521,18.90401069655672
2112,te,joint,11.597275483449764,6.517687078024576,19.029911523717495
2113,te,joint,11.647859524224419,6.5432363366566255,19.15223382812167
2114,te,joint,11.700334051146722,6.567270832495241,19.27690911428134
2115,te,joint,11.74271858184775,6.590119087650241,19.397070375241658
2116,te,joint,11.782625675116737,6.611968674939546,19.514877645555224
2117,te,joint,11.829314522282985,6.633008427781321,19.629875411099857
2118,te,joint,11.87577994881547,6.6537604198382345,19.746620163337397
2119,te,joint,11.912855596959284,6.674535474634339,19.86619936111618
2120,te,joint,11.956495290656855,6.6941197805969,19.98363707157137
2121,te,joint,11.9961337150907,6.713373236310105,20.093118836192275
2122,te,joint,12.033063372987954,6.739979940932931,20.20319988727076
2123,te,joint,12.075424001696451,6.769044975703172,20.318329038607438
2124,te,joint,12.11989510288646,6.792063111953894,20.424925147839627
2125,te,joint,12.162349375931171,6.814960418500421,20.527325987762232
2126,te,joint,12.200495394610057,6.834563691000098,20.6301502021661
2127,te,joint,12.237580027079193,6.8537922319485824,20.730873733493834
2128,te,joint,12.281726183103093,6.87778083364955,20.83007581558839
2129,te,joint,12.309321583358823,6.892236979375046,20.928393042831612
2130,te,joint,12.345352303854984,6.91194059738983,21.027008187893852
2131,te,joint,12.385262342416187,6.934315600440879,21.12783722591185
2132,te,joint,12.429542366650114,6.955045614065077,21.229610981925866
2133,te,joint,12.472005565959922,6.966258502871251,21.340876934906788
2134,te,joint,12.509269246429069,6.986373845457364,21.46548432724173
2135,te,joint,12.549085832650468,7.013783438741411,21.586374468126962
2136,te,joint,12.583365942807983,7.027484102582167,21.678504205365886
2137,te,joint,12.61982996944444,7.040176730373541,21.763594874944218
2138,te,joint,12.658037919529708,7.052714604183533,21.84621783280674
2139,te,joint,12.6891974327994,7.065222201333441,21.927975404950224
2140,te,joint,12.717517680849863,7.07887554932844,22.009496667906607
2141,te,joint,12.75197494101717,7.092681090272755,22.092027867635842
2142,te,joint,12.78091023408015,7.1090090731072015,22.178898257367045
2143,te,joint,12.813586222923007,7.129545413388206,22.275384131781642
2144,te,joint,12.85043521924063,7.167831250209697,22.363067861250848
2145,te,joint,12.881604645051787,7.185794289635104,22.449913423674516
2146,te,joint,12.914452836328548,7.193577899096904,22.540518105670223
2147,te,joint,12.960243677712183,7.204023443776505,22.6371576683456
2148,te,joint,13.005769938858766,7.219656973092097,22.732556212568117
2149,te,joint,13.035015837779568,7.237765250758791,22.826633799616015
2150,te,joint,13.054693596224446,7.260975227436349,22.92000367391533
2151,te,joint,13.074449684437802,7.272304734541694,23.01306308999762
2152,te,joint,13.103361955287063,7.303566311611736,23.107087117245825
2153,te,joint,13.144831115899471,7.342215367688653,23.20383385089137
2154,te,joint,13.193173644944785,7.370284247513534,23.303138864569107
2155,te,joint,13.236646631600614,7.396029944245388,23.40240282267746
2156,te,joint,13.273846654551168,7.416155869367871,23.499968955284807
2157,te,joint,13.307510886420802,7.434171170978905,23.594946836217414
2158,te,joint,13.334711261980948,7.447889919827423,23.68708745746112
2159,te,joint,13.361014153441552,7.454331971966026,23.77669168349399
2160,te,joint,13.387197773349257,7.45959612827899,23.864821092060648
2161,te,joint,13.413409224446298,7.465159827447262,23.952739240553452
2162,te,joint,13.44095053091569,7.480987449430644,24.041975209291348
2163,te,joint,13.470814589962298,7.504542476107525,24.13420494790609
2164,te,joint,13.506641013581696,7.531230721612947,24.2297451414876
2165,te,joint,13.54790658007806,7.557270088232807,24.32507756774008
2166,te,joint,13.587985608887873,7.582163790770971,24.419158384844813
2167,te,joint,13.632559581907831,7.605997732186098,24.505554360501947
2168,te,joint,13.66301159916959,7.63302075853422,24.587094118789643
2169,te,joint,13.69781287304988,7.64888757163724,24.668379670789122
2170,te,joint,13.729112115550715,7.664235347221747,24.753038805949156
2171,te,joint,13.75792908248425,7.679630195154209,24.83772054159551
2172,te,joint,13.784749439765712,7.698698182955491,24.9272112780896
2173,te,joint,13.814398374849088,7.7211672842983345,25.02240559727374
2174,te,joint,13.84658005497553,7.742671004910476,25.11965173737039
2175,te,joint,13.880175711425245,7.760569563727419,25.21349222264911
2176,te,joint,13.913978160851268,7.7808762741121225,25.313441483960826
2177,te,joint,13.951850045581468,7.794912428336508,25.410029466959397
2178,te,joint,13.984825543722618,7.812343043155957,25.50129172313542
2179,te,joint,14.010045369089651,7.8290635911687545,25.58849448040156
2180,te,joint,14.036627367871958,7.844998279908844,25.67330112772776
2181,te,joint,14.063880620979575,7.860436617678098,25.752027599021233
2182,te,joint,14.090424140685819,7.875660430639451,25.827434674035615
2183,te,joint,14.123303738199287,7.8893933228254145,25.902055666666254
2184,te,joint,14.157341810582269,7.902105152382025,25.977384967803125
2185,te,joint,14.196834226315373,7.923004936796043,26.054721807179398
2186,te,joint,14.232058281143106,7.941860833092222,26.135888242729663
2187,te,joint,14.266809830226006,7.963039498935913,26.22793513043158
2188,te,joint,14.30575912199021,7.983541576269757,26.314058724140114
2189,te,joint,14.34569403360651,8.00454525599413,26.39700172612684
2190,te,joint,14.37349044126259,8.024554487175633,26.476494796110597
2191,te,joint,14.415030429179321,8.042816020644723,26.551077780067914
2192,te,joint,14.456590888222141,8.057501378945158,26.626641358193353
2193,te,joint,14.490884675382226,8.077053243202771,26.702496750193966
2194,te,joint,14.522791024407674,8.093848569797482,26.778134653861343
2195,te,joint,14.560969398000685,8.111229685120435,26.849358762396147
2196,te,joint,14.592744239899666,8.130427282177703,26.92384922234605
2197,te,joint,14.624524703572156,8.151931752943096,27.002897113353228
2198,te,joint,14.666494075869696,8.173368300905565,27.087868317189145
2199,te,joint,14.712413167502133,8.194736840658484,27.183548400395782
2200,te,joint,14.756902282466395,8.218306019946667,27.27598389409385
2201,te,joint,14.79388971686997,8.237420162010379,27.360738523988868
2202,te,joint,14.833232430587804,8.25525453173065,27.439749726342225
2203,te,joint,14.873967441750814,8.272571064124865,27.517312673896654
2204,te,joint,14.90586648876534,8.292303514300704,27.593282497071385
2205,te,joint,14.937327874150437,8.311351987871976,27.668161064125965
2206,te,joint,14.966240705847206,8.322015957138218,27.742466998722186
2207,te,joint,14.997156332936548,8.337992308744207,27.81714674942558
2208,te,joint,15.031019537161798,8.355236144540687,27.893977612314856
2209,te,joint,15.06544105576078,8.37432392576461,27.973692169203204
2210,te,joint,15.098549503911272,8.394534562116236,28.055702741845668
2211,te,joint,15.137696241721361,8.414842710515591,28.138179444065074
2212,te,joint,15.177094153980335,8.434670869922066,28.21996888303
2213,te,joint,15.210622809159313,8.453431810075523,28.299912429723694
2214,te,joint,15.24484894069114,8.471163410088794,28.377913001130224
2215,te,joint,15.277467618901952,8.487565348928896,28.453358576567787
2216,te,joint,15.310903336327954,8.502766771157415,28.526321804949212
2217,te,joint,15.339191809548163,8.512543207441244,28.598682583401352
2218,te,joint,15.368097677205936,8.519422086689925,28.671481672324283
2219,te,joint,15.393588707125971,8.528618275824822,28.746149137801652
2220,te,joint,15.424609858057202,8.545640386273394,28.834486730106683
2221,te,joint,15.458519102263416,8.569493904997438,28.927336032643716
2222,te,joint,15.495999683864802,8.59685093581161,29.022145999669604
2223,te,joint,15.534974943655815,8.62306919303211,29.11051281181517
2224,te,joint,15.571444490231055,8.641718187886099,29.195014832291758
2225,te,joint,15.60516614412505,8.656553252432895,29.28194286672667
2226,te,joint,15.637304475224317,8.66990973855475,29.36478865979157
2227,te,joint,15.66204020590681,8.681743928468993,29.445578202056748
2228,te,joint,15.690104636367202,8.692290978344207,29.52793193564379
2229,te,joint,15.722422434071639,8.703772738890713,29.62373268087268
2230,te,joint,15.756160104122173,8.72154444916487,29.723098038175824
2231,te,joint,15.7899486827886,8.74199737511733,29.82582138857156
2232,te,joint,15.826933663423462,8.762816692907403,29.92238231226637
2233,te,joint,15.863714343025057,8.783949957714233,30.015050893295545
2234,te,joint,15.890867772497693,8.803888196379136,30.10699381541334
2235,te,joint,15.921399505849541,8.821913880184917,30.19698875566436
2236,te,joint,15.946942588119239,8.840822259683499,30.284047758013894
2237,te,joint,15.971281965652015,8.861017832637678,30.369623954936866
2238,te,joint,16.003900339026735,8.87383580928091,30.437797738211284
2239,te,joint,16.040239182884154,8.886626347449301,30.506012174420956
2240,te,joint,16.071159702394535,8.901568938645891,30.575213819714403
2241,te,joint,16.111997568361147,8.921006763485423,30.646860739075056
2242,te,joint,16.153162210590946,8.94203222262981,30.721180332133553
2243,te,joint,16.194221031529175,8.961325780922328,30.822334713004985
2244,te,joint,16.225181529627044,8.980068765499137,30.927349413836097
2245,te,joint,16.256673322712793,8.999928924834213,31.007426838743825
2246,te,joint,16.288600004174512,9.018598753354484,31.096397769747743
2247,te,joint,16.319077770759733,9.03632933055676,31.198479682866502
2248,te,joint,16.35155078170507,9.048902533240678,31.299100843501478
2249,te,joint,16.3815136151047,9.060797476586355,31.398118733625832
2250,te,joint,16.40169904153236,9.072363798873294,31.47537065951502
2251,te,joint,16.42136874488689,9.083807770441947,31.55223992073772
2252,te,joint,16.44872367286199,9.09939621581745,31.62901990153524
2253,te,joint,16.483159547966768,9.118773057480208,31.70731092526105
2254,te,joint,16.514977252472807,9.137058665513898,31.787692860135888
2255,te,joint,16.544812082292996,9.157573729246954,31.868734472841624
2256,te,joint,16.577570061480458,9.177810138564777,31.949571362119357
2257,te,joint,16.611060540222,9.19551046392055,32.029777005024066
2258,te,joint,16.64351603115952,9.204048130114295,32.10826686190727
2259,te,joint,16.670093722400814,9.215222749826667,32.18497188513267
2260,te,joint,16.701299227322124,9.228221074258542,32.25911669708145
2261,te,joint,16.731543664851607,9.240519124978281,32.33171844341998
2262,te,joint,16.76037371153356,9.252855417019553,32.413815390802725
2263,te,joint,16.790747538565196,9.265682309350977,32.49817011775501
2264,te,joint,16.822503490506456,9.2797817930727,32.58491174016834
2265,te,joint,16.857859213103314,9.2996880105926,32.67570854742965
2266,te,joint,16.895311720620096,9.325066231968366,32.76723756852284
2267,te,joint,16.93447619486808,9.350123179820098,32.844432471275894
2268,te,joint,16.9720046195332,9.372193090063922,32.91992786020703
2269,te,joint,17.00771509424471,9.389313758201379,32.99180209894977
2270,te,joint,17.039025663821793,9.402446276230041,33.0593279215828
2271,te,joint,17.068073918087336,9.412900912084835,33.123749499766845
2272,te,joint,17.09979196818599,9.421848719012583,33.18659828549388
2273,te,joint,17.129990039176388,9.430999887450172,33.24898543791639
2274,te,joint,17.15571101283893,9.443776133664384,33.31310599208626
2275,te,joint,17.185830122499652,9.45903546345255,33.38122946810097
2276,te,joint,17.21687160719402,9.478201383695565,33.45757128800044
2277,te,joint,17.248117168639265,9.4972227126205,33.53450249748999
2278,te,joint,17.280003075863007,9.514974574083826,33.61053515562415
2279,te,joint,17.313519062137473,9.53044581533584,33.687339270871675
2280,te,joint,17.34174682120807,9.542277068975901,33.7803094500921
2281,te,joint,17.36618260804807,9.551647988920282,33.87008760222084
2282,te,joint,17.38696901382749,9.561637474705893,33.94232587233224
2283,te,joint,17.404982152641267,9.572649321785224,34.01439147338491
2284,te,joint,17.42840171595134,9.585196225506081,34.087282233747885
2285,te,joint,17.45236228050873,9.60121843459474,34.16354766596821
2286,te,joint,17.482789876808717,9.621070103320047,34.2451520077459
2287,te,joint,17.514816149019733,9.638850420848314,34.32931716250749
2288,te,joint,17.546385444597277,9.659519625722645,34.41419204929443
2289,te,joint,17.57704498258956,9.675084436779125,34.49428834886989
2290,te,joint,17.603301012980822,9.683702151129614,34.57019473681828
2291,te,joint,17.62663343526586,9.689223227590135,34.643571389437355
2292,te,joint,17.648378303005032,9.695468850656368,34.71394702839626
2293,te,joint,17.66932274342591,9.706889985201917,34.782596930251195
2294,te,joint,17.69088830086799,9.71654486591225,34.85181035339743
2295,te,joint,17.716512243661583,9.731763156372772,34.924405764981714
2296,te,joint,17.74491745684916,9.74701774524358,35.00174539318362
2297,te,joint,17.77555235831479,9.763823891784384,35.083177620715695
2298,te,joint,17.808197433124,9.781000459131192,35.16642628812442
2299,te,joint,17.842308460798712,9.796910602101562,35.24873360404493
2300,te,joint,17.874792567351584,9.811934615755245,35.33437019429276
1990,lws,fixed,0.0,0.0,0.0
1991,lws,fixed,0.0,0.0,0.0
1992,lws,fixed,0.0,0.0,0.0
1993,lws,fixed,0.0,0.0,0.0
1994,lws,fixed,0.0,0.0,0.0
1995,lws,fixed,0.0,0.0,0.0
1996,lws,fixed,0.0,0.0,0.0
1997,lws,fixed,0.0,0.0,0.0
1998,lws,fixed,0.0,0.0,0.0
1999,lws,fixed,0.0,0.0,0.0
2000,lws,fixed,0.0,0.0,0.0
2001,lws,fixed,0.0,0.0,0.0
2002,lws,fixed,0.0,0.0,0.0
2003,lws,fixed,0.0,0.0,0.0
2004,lws,fixed,0.0,0.0,0.0
2005,lws,fixed,0.0,0.0,0.0
2006,lws,fixed,0.0,0.0,0.0
2007,lws,fixed,0.0,0.0,0.0
2008,lws,fixed,0.0,0.0,0.0
2009,lws,fixed,0.0,0.0,0.0
2010,lws,fixed,0.0,0.0,0.0
2011,lws,fixed,0.0,0.0,0.0
2012,lws,fixed,0.0,0.0,0.0
2013,lws,fixed,0.0,0.0,0.0
2014,lws,fixed,0.0,0.0,0.0
2015,lws,fixed,0.0,0.0,0.0
2016,lws,fixed,0.0,0.0,0.0
2017,lws,fixed,0.0,0.0,0.0
2018,lws,fixed,0.0,0.0,0.0
2019,lws,fixed,0.04799015733533104,0.04799015733533104,0.04799015733533104
2020,lws,fixed,0.05791438615406403,0.05791438615406403,0.05791438615406403
2021,lws,fixed,0.10102015996102251,0.10102015996102251,0.10102015996102251
2022,lws,fixed,0.14663197191904284,0.14663197191904284,0.14663197191904284
2023,lws,fixed,0.1515911834031945,0.1515911834031945,0.1515911834031945
2024,lws,fixed,0.18566222490860249,0.18566222490860249,0.18566222490860249
2025,lws,fixed,0.23005486383340987,0.23005486383340987,0.23005486383340987
2026,lws,fixed,0.2845140413515041,0.2845140413515041,0.2845140413515041
2027,lws,fixed,0.3262964981037485,0.3262964981037485,0.3262964981037485
2028,lws,fixed,0.37745799761464527,0.37745799761464527,0.37745799761464527
2029,lws,fixed,0.40306914028751295,0.40306914028751295,0.40306914028751295
2030,lws,fixed,0.4610753742637405,0.4610753742637405,0.4610753742637405
2031,lws,fixed,0.5064181640970788,0.5064181640970788,0.5064181640970788
2032,lws,fixed,0.5565419669634262,0.5565419669634262,0.5565419669634262
2033,lws,fixed,0.5801526451796354,0.5801526451796354,0.5801526451796354
2034,lws,fixed,0.6235381018243776,0.6235381018243776,0.6235381018243776
2035,lws,fixed,0.6436840480074949,0.6436840480074949,0.6436840480074949
2036,lws,fixed,0.6885424380555962,0.6885424380555962,0.6885424380555962
2037,lws,fixed,0.7127950522864109,0.7127950522864109,0.7127950522864109
2038,lws,fixed,0.7426108117832914,0.7426108117832914,0.7426108117832914
2039,lws,fixed,0.7869911126050508,0.7869911126050508,0.7869911126050508
2040,lws,fixed,0.8201880512157937,0.8201880512157937,0.8201880512157937
2041,lws,fixed,0.8608159531665907,0.8608159531665907,0.8608159531665907
2042,lws,fixed,0.9306795072924124,0.9306795072924124,0.9306795072924124
2043,lws,fixed,0.9728876477034785,0.9728876477034785,0.9728876477034785
2044,lws,fixed,0.9622962692122209,0.9622962692122209,0.9622962692122209
2045,lws,fixed,0.9455552480933574,0.9455552480933574,0.9455552480933574
2046,lws,fixed,0.9387829953722603,0.9387829953722603,0.9387829953722603
2047,lws,fixed,0.9603173485071256,0.9603173485071256,0.9603173485071256
2048,lws,fixed,0.9946407104756743,0.9946407104756743,0.9946407104756743
2049,lws,fixed,1.0123001628645185,1.0123001628645185,1.0123001628645185
2050,lws,fixed,1.0367873592541808,1.0367873592541808,1.0367873592541808
2051,lws,fixed,1.1022903300529752,1.1022903300529752,1.1022903300529752
2052,lws,fixed,1.1578796789786756,1.1578796789786756,1.1578796789786756
2053,lws,fixed,1.1766512302147847,1.1766512302147847,1.1766512302147847
2054,lws,fixed,1.192925264386108,1.192925264386108,1.192925264386108
2055,lws,fixed,1.2618508262448935,1.2618508262448935,1.2618508262448935
2056,lws,fixed,1.2922674666460656,1.2922674666460656,1.2922674666460656
2057,lws,fixed,1.3192290446266437,1.3192290446266437,1.3192290446266437
2058,lws,fixed,1.3331261967500805,1.3331261967500805,1.3331261967500805
2059,lws,fixed,1.3527843645529898,1.3527843645529898,1.3527843645529898
2060,lws,fixed,1.3922663725651958,1.3922663725651958,1.3922663725651958
2061,lws,fixed,1.4415463962689319,1.4415463962689319,1.4415463962689319
2062,lws,fixed,1.447167856015673,1.447167856015673,1.447167856015673
2063,lws,fixed,1.4915359460153184,1.4915359460153184,1.4915359460153184
2064,lws,fixed,1.5241440890351976,1.5241440890351976,1.5241440890351976
2065,lws,fixed,1.5432725899488295,1.5432725899488295,1.5432725899488295
2066,lws,fixed,1.5846986584738234,1.5846986584738234,1.5846986584738234
2067,lws,fixed,1.6084997967528067,1.6084997967528067,1.6084997967528067
2068,lws,fixed,1.658356216029776,1.658356216029776,1.658356216029776
2069,lws,fixed,1.703984258039325,1.703984258039325,1.703984258039325
2070,lws,fixed,1.7402566206886732,1.7402566206886732,1.7402566206886732
2071,lws,fixed,1.7497460676796563,1.7497460676796563,1.7497460676796563
2072,lws,fixed,1.792107082795087,1.792107082795087,1.792107082795087
2073,lws,fixed,1.767318354602176,1.767318354602176,1.767318354602176
2074,lws,fixed,1.7999543919591257,1.7999543919591257,1.7999543919591257
2075,lws,fixed,1.8585156903768523,1.8585156903768523,1.8585156903768523
2076,lws,fixed,1.9108383241124354,1.9108383241124354,1.9108383241124354
2077,lws,fixed,1.936024301647267,1.936024301647267,1.936024301647267
2078,lws,fixed,1.9689902526904426,1.9689902526904426,1.9689902526904426
2079,lws,fixed,1.9929289610182945,1.9929289610182945,1.9929289610182945
2080,lws,fixed,2.0051310144705425,2.0051310144705425,2.0051310144705425
2081,lws,fixed,2.012287947331182,2.012287947331182,2.012287947331182
2082,lws,fixed,2.0445192998875332,2.0445192998875332,2.0445192998875332
2083,lws,fixed,2.0765315529975927,2.0765315529975927,2.0765315529975927
2084,lws,fixed,2.12285065315953,2.12285065315953,2.12285065315953
2085,lws,fixed,2.168309478867345,2.168309478867345,2.168309478867345
2086,lws,fixed,2.188905417474962,2.188905417474962,2.188905417474962
2087,lws,fixed,2.242030917090907,2.242030917090907,2.242030917090907
2088,lws,fixed,2.2721112956899256,2.2721112956899256,2.2721112956899256
2089,lws,fixed,2.309270289105232,2.309270289105232,2.309270289105232
2090,lws,fixed,2.368107784941434,2.368107784941434,2.368107784941434
2091,lws,fixed,2.391292200183621,2.391292200183621,2.391292200183621
2092,lws,fixed,2.3862527731812118,2.3862527731812118,2.3862527731812118
2093,lws,fixed,2.4130628770181146,2.4130628770181146,2.4130628770181146
2094,lws,fixed,2.4019303203389546,2.4019303203389546,2.4019303203389546
2095,lws,fixed,2.431707812103944,2.431707812103944,2.431707812103944
2096,lws,fixed,2.467323321382365,2.467323321382365,2.467323321382365
2097,lws,fixed,2.504706159104757,2.504706159104757,2.504706159104757
2098,lws,fixed,2.543462500832068,2.543462500832068,2.543462500832068
2099,lws,fixed,2.5953821924803715,2.5953821924803715,2.5953821924803715
2100,lws,fixed,2.596380650083528,2.596380650083528,2.596380650083528
2101,lws,fixed,2.6439945460779772,2.6439945460779772,2.6439945460779772
2102,lws,fixed,2.682727721997994,2.682727721997994,2.682727721997994
2103,lws,fixed,2.7042226285783593,2.7042226285783593,2.7042226285783593
2104,lws,fixed,2.7145332680885415,2.7145332680885415,2.7145332680885415
2105,lws,fixed,2.722074181430264,2.722074181430264,2.722074181430264
2106,lws,fixed,2.7516842095651906,2.7516842095651906,2.7516842095651906
2107,lws,fixed,2.7898153994354655,2.7898153994354655,2.7898153994354655
2108,lws,fixed,2.8192113133504284,2.8192113133504284,2.8192113133504284
2109,lws,fixed,2.879204985614669,2.879204985614669,2.879204985614669
2110,lws,fixed,2.9193133107850935,2.9193133107850935,2.9193133107850935
2111,lws,fixed,2.9720856215931226,2.9720856215931226,2.9720856215931226
2112,lws,fixed,3.001654499001692,3.001654499001692,3.001654499001692
2113,lws,fixed,3.020382376334686,3.020382376334686,3.020382376334686
2114,lws,fixed,3.0870486403985082,3.0870486403985082,3.0870486403985082
2115,lws,fixed,3.1524626466668244,3.1524626466668244,3.1524626466668244
2116,lws,fixed,3.2088149105341177,3.2088149105341177,3.2088149105341177
2117,lws,fixed,3.2342713686394085,3.2342713686394085,3.2342713686394085
2118,lws,fixed,3.240410064624602,3.240410064624602,3.240410064624602
2119,lws,fixed,3.2481015415255485,3.2481015415255485,3.2481015415255485
2120,lws,fixed,3.275185202412382,3.275185202412382,3.275185202412382
2121,lws,fixed,3.318941835361753,3.318941835361753,3.318941835361753
2122,lws,fixed,3.3930045339144,3.3930045339144,3.3930045339144
2123,lws,fixed,3.402871459621438,3.402871459621438,3.402871459621438
2124,lws,fixed,3.418352831291919,3.418352831291919,3.418352831291919
2125,lws,fixed,3.416339303207685,3.416339303207685,3.416339303207685
2126,lws,fixed,3.4836403760724224,3.4836403760724224,3.4836403760724224
2127,lws,fixed,3.547029786706335,3.547029786706335,3.547029786706335
2128,lws,fixed,3.568611071090668,3.568611071090668,3.568611071090668
2129,lws,fixed,3.627399972426858,3.627399972426858,3.627399972426858
2130,lws,fixed,3.6697723321948086,3.6697723321948086,3.6697723321948086
2131,lws,fixed,3.7155165177929357,3.7155165177929357,3.7155165177929357
2132,lws,fixed,3.725133457810019,3.725133457810019,3.725133457810019
2133,lws,fixed,3.729741535909395,3.729741535909395,3.729741535909395
2134,lws,fixed,3.746984424753355,3.746984424753355,3.746984424753355
2135,lws,fixed,3.788720765804733,3.788720765804733,3.788720765804733
2136,lws,fixed,3.8184897820045234,3.8184897820045234,3.8184897820045234
2137,lws,fixed,3.8186881696532615,3.8186881696532615,3.8186881696532615
2138,lws,fixed,3.850861385526544,3.850861385526544,3.850861385526544
2139,lws,fixed,3.8947730791384085,3.8947730791384085,3.8947730791384085
2140,lws,fixed,3.9198728634877917,3.9198728634877917,3.9198728634877917
2141,lws,fixed,3.9244427138611306,3.9244427138611306,3.9244427138611306
2142,lws,fixed,3.9597114084129115,3.9597114084129115,3.9597114084129115
2143,lws,fixed,3.9932849913182284,3.9932849913182284,3.9932849913182284
2144,lws,fixed,4.0260222952927975,4.0260222952927975,4.0260222952927975
2145,lws,fixed,4.059316538503893,4.059316538503893,4.059316538503893
2146,lws,fixed,4.079487812157288,4.079487812157288,4.079487812157288
2147,lws,fixed,4.125418166896138,4.125418166896138,4.125418166896138
2148,lws,fixed,4.153147261683872,4.153147261683872,4.153147261683872
2149,lws,fixed,4.20592350070585,4.20592350070585,4.20592350070585
2150,lws,fixed,4.2307986469202445,4.2307986469202445,4.2307986469202445
2151,lws,fixed,4.263482571569279,4.263482571569279,4.263482571569279
2152,lws,fixed,4.295805886617335,4.295805886617335,4.295805886617335
2153,lws,fixed,4.351237344427586,4.351237344427586,4.351237344427586
2154,lws,fixed,4.392877111944913,4.392877111944913,4.392877111944913
2155,lws,fixed,4.437298525869313,4.437298525869313,4.437298525869313
2156,lws,fixed,4.470487414392425,4.470487414392425,4.470487414392425
2157,lws,fixed,4.516634119818392,4.516634119818392,4.516634119818392
2158,lws,fixed,4.562377184208207,4.562377184208207,4.562377184208207
2159,lws,fixed,4.626120358682517,4.626120358682517,4.626120358682517
2160,lws,fixed,4.64664774326856,4.64664774326856,4.64664774326856
2161,lws,fixed,4.634313539723813,4.634313539723813,4.634313539723813
2162,lws,fixed,4.6844452393474,4.6844452393474,4.6844452393474
2163,lws,fixed,4.747942202617905,4.747942202617905,4.747942202617905
2164,lws,fixed,4.750748028339521,4.750748028339521,4.750748028339521
2165,lws,fixed,4.760026303662078,4.760026303662078,4.760026303662078
2166,lws,fixed,4.79510377968571,4.79510377968571,4.79510377968571
2167,lws,fixed,4.8069909267172335,4.8069909267172335,4.8069909267172335
2168,lws,fixed,4.815646054346008,4.815646054346008,4.815646054346008
2169,lws,fixed,4.846885962131313,4.846885962131313,4.846885962131313
2170,lws,fixed,4.858678539468278,4.858678539468278,4.858678539468278
2171,lws,fixed,4.8868981273175995,4.8868981273175995,4.8868981273175995
2172,lws,fixed,4.899277769248436,4.899277769248436,4.899277769248436
2173,lws,fixed,4.926630517537223,4.926630517537223,4.926630517537223
2174,lws,fixed,4.956666017741132,4.956666017741132,4.956666017741132
2175,lws,fixed,4.990182844459308,4.990182844459308,4.990182844459308
2176,lws,fixed,5.035739745861833,5.035739745861833,5.035739745861833
2177,lws,fixed,5.048450874618085,5.048450874618085,5.048450874618085
2178,lws,fixed,5.064962215464753,5.064962215464753,5.064962215464753
2179,lws,fixed,5.1068961074516865,5.1068961074516865,5.1068961074516865
2180,lws,fixed,5.1351373310154775,5.1351373310154775,5.1351373310154775
2181,lws,fixed,5.161954258346175,5.161954258346175,5.161954258346175
2182,lws,fixed,5.179233134410224,5.179233134410224,5.179233134410224
2183,lws,fixed,5.203674639450711,5.203674639450711,5.203674639450711
2184,lws,fixed,5.230249301661413,5.230249301661413,5.230249301661413
2185,lws,fixed,5.270951274600753,5.270951274600753,5.270951274600753
2186,lws,fixed,5.261842885208832,5.261842885208832,5.261842885208832
2187,lws,fixed,5.25823502301279,5.25823502301279,5.25823502301279
2188,lws,fixed,5.291437135563975,5.291437135563975,5.291437135563975
2189,lws,fixed,5.326312862414746,5.326312862414746,5.326312862414746
2190,lws,fixed,5.386381911381347,5.386381911381347,5.386381911381347
2191,lws,fixed,5.430434980657028,5.430434980657028,5.430434980657028
2192,lws,fixed,5.435040533546584,5.435040533546584,5.435040533546584
2193,lws,fixed,5.4807767117318615,5.4807767117318615,5.4807767117318615
2194,lws,fixed,5.528918395240164,5.528918395240164,5.528918395240164
2195,lws,fixed,5.548761347253193,5.548761347253193,5.548761347253193
2196,lws,fixed,5.535600061309528,5.535600061309528,5.535600061309528
2197,lws,fixed,5.578691853107875,5.578691853107875,5.578691853107875
2198,lws,fixed,5.600370736311279,5.600370736311279,5.600370736311279
2199,lws,fixed,5.622257887735048,5.622257887735048,5.622257887735048
2200,lws,fixed,5.648882730278795,5.648882730278795,5.648882730278795
2201,lws,fixed,5.664855491638205,5.664855491638205,5.664855491638205
2202,lws,fixed,5.700468838201828,5.700468838201828,5.700468838201828
2203,lws,fixed,5.7502186084000195,5.7502186084000195,5.7502186084000195
2204,lws,fixed,5.778135732783894,5.778135732783894,5.778135732783894
2205,lws,fixed,5.817768366812955,5.817768366812955,5.817768366812955
2206,lws,fixed,5.842371122134262,5.842371122134262,5.842371122134262
2207,lws,fixed,5.866341318539312,5.866341318539312,5.866341318539312
2208,lws,fixed,5.880603783845598,5.880603783845598,5.880603783845598
2209,lws,fixed,5.944043730060743,5.944043730060743,5.944043730060743
2210,lws,fixed,5.9548525219191175,5.9548525219191175,5.9548525219191175
2211,lws,fixed,5.958460641838878,5.958460641838878,5.958460641838878
2212,lws,fixed,6.001791357154143,6.001791357154143,6.001791357154143
2213,lws,fixed,6.019523976538539,6.019523976538539,6.019523976538539
2214,lws,fixed,6.061145438098416,6.061145438098416,6.061145438098416
2215,lws,fixed,6.120332933322187,6.120332933322187,6.120332933322187
2216,lws,fixed,6.172108733307293,6.172108733307293,6.172108733307293
2217,lws,fixed,6.221320341997893,6.221320341997893,6.221320341997893
2218,lws,fixed,6.222699570968258,6.222699570968258,6.222699570968258
2219,lws,fixed,6.252429344024669,6.252429344024669,6.252429344024669
2220,lws,fixed,6.267552540130812,6.267552540130812,6.267552540130812
2221,lws,fixed,6.317278628779411,6.317278628779411,6.317278628779411
2222,lws,fixed,6.330072423811241,6.330072423811241,6.330072423811241
2223,lws,fixed,6.352609251334046,6.352609251334046,6.352609251334046
2224,lws,fixed,6.37631254365486,6.37631254365486,6.37631254365486
2225,lws,fixed,6.423890119943558,6.423890119943558,6.423890119943558
2226,lws,fixed,6.439910770832584,6.439910770832584,6.439910770832584
2227,lws,fixed,6.497700010517156,6.497700010517156,6.497700010517156
2228,lws,fixed,6.509580807431561,6.509580807431561,6.509580807431561
2229,lws,fixed,6.5327799839008005,6.5327799839008005,6.5327799839008005
2230,lws,fixed,6.5344608263916415,6.5344608263916415,6.5344608263916415
2231,lws,fixed,6.565676548195805,6.565676548195805,6.565676548195805
2232,lws,fixed,6.605096361007136,6.605096361007136,6.605096361007136
2233,lws,fixed,6.638157600393324,6.638157600393324,6.638157600393324
2234,lws,fixed,6.664482283402768,6.664482283402768,6.664482283402768
2235,lws,fixed,6.700531184538167,6.700531184538167,6.700531184538167
2236,lws,fixed,6.771599544614483,6.771599544614483,6.771599544614483
2237,lws,fixed,6.789120904235318,6.789120904235318,6.789120904235318
2238,lws,fixed,6.835553528386609,6.835553528386609,6.835553528386609
2239,lws,fixed,6.8505641517453,6.8505641517453,6.8505641517453
2240,lws,fixed,6.859586474629643,6.859586474629643,6.859586474629643
2241,lws,fixed,6.8891329380224136,6.8891329380224136,6.8891329380224136
2242,lws,fixed,6.931110954367381,6.931110954367381,6.931110954367381
2243,lws,fixed,6.942856381131531,6.942856381131531,6.942856381131531
2244,lws,fixed,6.976684991419059,6.976684991419059,6.976684991419059
2245,lws,fixed,6.983990674035943,6.983990674035943,6.983990674035943
2246,lws,fixed,6.977637518447098,6.977637518447098,6.977637518447098
2247,lws,fixed,7.057207813075548,7.057207813075548,7.057207813075548
2248,lws,fixed,7.085326276369168,7.085326276369168,7.085326276369168
2249,lws,fixed,7.11118272697457,7.11118272697457,7.11118272697457
2250,lws,fixed,7.1304760604740585,7.1304760604740585,7.1304760604740585
2251,lws,fixed,7.160267688479771,7.160267688479771,7.160267688479771
2252,lws,fixed,7.170799967569505,7.170799967569505,7.170799967569505
2253,lws,fixed,7.197364544759702,7.197364544759702,7.197364544759702
2254,lws,fixed,7.254937352541667,7.254937352541667,7.254937352541667
2255,lws,fixed,7.3132398458127135,7.3132398458127135,7.3132398458127135
2256,lws,fixed,7.353558633602041,7.353558633602041,7.353558633602041
2257,lws,fixed,7.369373574211477,7.369373574211477,7.369373574211477
2258,lws,fixed,7.429170453684257,7.429170453684257,7.429170453684257
2259,lws,fixed,7.4361825074976435,7.4361825074976435,7.4361825074976435
2260,lws,fixed,7.491574423880658,7.491574423880658,7.491574423880658
2261,lws,fixed,7.5305034856872375,7.5305034856872375,7.5305034856872375
2262,lws,fixed,7.556704000242766,7.556704000242766,7.556704000242766
2263,lws,fixed,7.610409506865716,7.610409506865716,7.610409506865716
2264,lws,fixed,7.630744358203974,7.630744358203974,7.630744358203974
2265,lws,fixed,7.633446388116356,7.633446388116356,7.633446388116356
2266,lws,fixed,7.688909598966955,7.688909598966955,7.688909598966955
2267,lws,fixed,7.722507848404509,7.722507848404509,7.722507848404509
2268,lws,fixed,7.725402933108569,7.725402933108569,7.725402933108569
2269,lws,fixed,7.740197104703818,7.740197104703818,7.740197104703818
2270,lws,fixed,7.773058132510188,7.773058132510188,7.773058132510188
2271,lws,fixed,7.745844012639393,7.745844012639393,7.745844012639393
2272,lws,fixed,7.775345087956423,7.775345087956423,7.775345087956423
2273,lws,fixed,7.780871101589891,7.780871101589891,7.780871101589891
2274,lws,fixed,7.807165424708307,7.807165424708307,7.807165424708307
2275,lws,fixed,7.8533246412006195,7.8533246412006195,7.8533246412006195
2276,lws,fixed,7.865225345047305,7.865225345047305,7.865225345047305
2277,lws,fixed,7.872838551560976,7.872838551560976,7.872838551560976
2278,lws,fixed,7.9118231976985,7.9118231976985,7.9118231976985
2279,lws,fixed,7.9348017492461915,7.9348017492461915,7.9348017492461915
2280,lws,fixed,7.977922534412187,7.977922534412187,7.977922534412187
2281,lws,fixed,8.006532087991166,8.006532087991166,8.006532087991166
2282,lws,fixed,8.03185951279863,8.03185951279863,8.03185951279863
2283,lws,fixed,8.0499034600549,8.0499034600549,8.0499034600549
2284,lws,fixed,8.116341279421354,8.116341279421354,8.116341279421354
2285,lws,fixed,8.139714457125011,8.139714457125011,8.139714457125011
2286,lws,fixed,8.137398765347529,8.137398765347529,8.137398765347529
2287,lws,fixed,8.159170684039587,8.159170684039587,8.159170684039587
2288,lws,fixed,8.172828626575052,8.172828626575052,8.172828626575052
2289,lws,fixed,8.172231570806126,8.172231570806126,8.172231570806126
2290,lws,fixed,8.194764805358153,8.194764805358153,8.194764805358153
2291,lws,fixed,8.230681629244744,8.230681629244744,8.230681629244744
2292,lws,fixed,8.25136918701114,8.25136918701114,8.25136918701114
2293,lws,fixed,8.28024664797876,8.28024664797876,8.28024664797876
2294,lws,fixed,8.326013651481444,8.326013651481444,8.326013651481444
2295,lws,fixed,8.335626014481752,8.335626014481752,8.335626014481752
2296,lws,fixed,8.384229880799591,8.384229880799591,8.384229880799591
2297,lws,fixed,8.452894857111993,8.452894857111993,8.452894857111993
2298,lws,fixed,8.469119132579559,8.469119132579559,8.469119132579559
2299,lws,fixed,8.464544351169279,8.464544351169279,8.464544351169279
2300,lws,fixed,8.483616077316128,8.483616077316128,8.483616077316128
1990,lws,joint,0.0,0.0,0.0
1991,lws,joint,0.0,0.0,0.0
1992,lws,joint,0.0,0.0,0.0
1993,lws,joint,0.0,0.0,0.0
1994,lws,joint,0.0,0.0,0.0
1995,lws,joint,0.0,0.0,0.0
1996,lws,joint,0.0,0.0,0.0
1997,lws,joint,0.0,0.0,0.0
1998,lws,joint,0.0,0.0,0.0
1999,lws,joint,0.0,0.0,0.0
2000,lws,joint,0.0,0.0,0.0
2001,lws,joint,0.0,0.0,0.0
2002,lws,joint,0.0,0.0,0.0
2003,lws,joint,0.0,0.0,0.0
2004,lws,joint,0.0,0.0,0.0
2005,lws,joint,0.0,0.0,0.0
2006,lws,joint,0.0,0.0,0.0
2007,lws,joint,0.0,0.0,0.0
2008,lws,joint,0.0,0.0,0.0
2009,lws,joint,0.0,0.0,0.0
2010,lws,joint,0.0,0.0,0.0
2011,lws,joint,0.0,0.0,0.0
2012,lws,joint,0.0,0.0,0.0
2013,lws,joint,0.0,0.0,0.0
2014,lws,joint,0.0,0.0,0.0
2015,lws,joint,0.0,0.0,0.0
2016,lws,joint,0.0,0.0,0.0
2017,lws,joint,0.0,0.0,0.0
2018,lws,joint,0.0,0.0,0.0
2019,lws,joint,0.04799015733533104,0.04799015733533104,0.04799015733533104
2020,lws,joint,0.05791438615406403,0.05791438615406403,0.05791438615406403
2021,lws,joint,0.10102015996102251,0.10102015996102251,0.10102015996102251
2022,lws,joint,0.14663197191904284,0.14663197191904284,0.14663197191904284
2023,lws,joint,0.1515911834031945,0.1515911834031945,0.1515911834031945
2024,lws,joint,0.18566222490860249,0.18566222490860249,0.18566222490860249
2025,lws,joint,0.23005486383340987,0.23005486383340987,0.23005486383340987
2026,lws,joint,0.2845140413515041,0.2845140413515041,0.2845140413515041
2027,lws,joint,0.3262964981037485,0.3262964981037485,0.3262964981037485
2028,lws,joint,0.37745799761464527,0.37745799761464527,0.37745799761464527
2029,lws,joint,0.40306914028751295,0.40306914028751295,0.40306914028751295
2030,lws,joint,0.4610753742637405,0.4610753742637405,0.4610753742637405
2031,lws,joint,0.5064181640970788,0.5064181640970788,0.5064181640970788
2032,lws,joint,0.5565419669634262,0.5565419669634262,0.5565419669634262
2033,lws,joint,0.5801526451796354,0.5801526451796354,0.5801526451796354
2034,lws,joint,0.6235381018243776,0.6235381018243776,0.6235381018243776
2035,lws,joint,0.6436840480074949,0.6436840480074949,0.6436840480074949
2036,lws,joint,0.6885424380555962,0.6885424380555962,0.6885424380555962
2037,lws,joint,0.7127950522864109,0.7127950522864109,0.7127950522864109
2038,lws,joint,0.7426108117832914,0.7426108117832914,0.7426108117832914
2039,lws,joint,0.7869911126050508,0.7869911126050508,0.7869911126050508
2040,lws,joint,0.8201880512157937,0.8201880512157937,0.8201880512157937
2041,lws,joint,0.8608159531665907,0.8608159531665907,0.8608159531665907
2042,lws,joint,0.9306795072924124,0.9306795072924124,0.9306795072924124
2043,lws,joint,0.9728876477034785,0.9728876477034785,0.9728876477034785
2044,lws,joint,0.9622962692122209,0.9622962692122209,0.9622962692122209
2045,lws,joint,0.9455552480933574,0.9455552480933574,0.9455552480933574
2046,lws,joint,0.9387829953722603,0.9387829953722603,0.9387829953722603
2047,lws,joint,0.9603173485071256,0.9603173485071256,0.9603173485071256
2048,lws,joint,0.9946407104756743,0.9946407104756743,0.9946407104756743
2049,lws,joint,1.0123001628645185,1.0123001628645185,1.0123001628645185
2050,lws,joint,1.0367873592541808,1.0367873592541808,1.0367873592541808
2051,lws,joint,1.1022903300529752,1.1022903300529752,1.1022903300529752
2052,lws,joint,1.1578796789786756,1.1578796789786756,1.1578796789786756
2053,lws,joint,1.1766512302147847,1.1766512302147847,1.1766512302147847
2054,lws,joint,1.192925264386108,1.192925264386108,1.192925264386108
2055,lws,joint,1.2618508262448935,1.2618508262448935,1.2618508262448935
2056,lws,joint,1.2922674666460656,1.2922674666460656,1.2922674666460656
2057,lws,joint,1.3192290446266437,1.3192290446266437,1.3192290446266437
2058,lws,joint,1.3331261967500805,1.3331261967500805,1.3331261967500805
2059,lws,joint,1.3527843645529898,1.3527843645529898,1.3527843645529898
2060,lws,joint,1.3922663725651958,1.3922663725651958,1.3922663725651958
2061,lws,joint,1.4415463962689319,1.4415463962689319,1.4415463962689319
2062,lws,joint,1.447167856015673,1.447167856015673,1.447167856015673
2063,lws,joint,1.4915359460153184,1.4915359460153184,1.4915359460153184
2064,lws,joint,1.5241440890351976,1.5241440890351976,1.5241440890351976
2065,lws,joint,1.5432725899488295,1.5432725899488295,1.5432725899488295
2066,lws,joint,1.5846986584738234,1.5846986584738234,1.5846986584738234
2067,lws,joint,1.6084997967528067,1.6084997967528067,1.6084997967528067
2068,lws,joint,1.658356216029776,1.658356216029776,1.658356216029776
2069,lws,joint,1.703984258039325,1.703984258039325,1.703984258039325
2070,lws,joint,1.7402566206886732,1.7402566206886732,1.7402566206886732
2071,lws,joint,1.7497460676796563,1.7497460676796563,1.7497460676796563
2072,lws,joint,1.792107082795087,1.792107082795087,1.792107082795087
2073,lws,joint,1.767318354602176,1.767318354602176,1.767318354602176
2074,lws,joint,1.7999543919591257,1.7999543919591257,1.7999543919591257
2075,lws,joint,1.8585156903768523,1.8585156903768523,1.8585156903768523
2076,lws,joint,1.9108383241124354,1.9108383241124354,1.9108383241124354
2077,lws,joint,1.936024301647267,1.936024301647267,1.936024301647267
2078,lws,joint,1.9689902526904426,1.9689902526904426,1.9689902526904426
2079,lws,joint,1.9929289610182945,1.9929289610182945,1.9929289610182945
2080,lws,joint,2.0051310144705425,2.0051310144705425,2.0051310144705425
2081,lws,joint,2.012287947331182,2.012287947331182,2.012287947331182
2082,lws,joint,2.0445192998875332,2.0445192998875332,2.0445192998875332
2083,lws,joint,2.0765315529975927,2.0765315529975927,2.0765315529975927
2084,lws,joint,2.12285065315953,2.12285065315953,2.12285065315953
2085,lws,joint,2.168309478867345,2.168309478867345,2.168309478867345
2086,lws,joint,2.188905417474962,2.188905417474962,2.188905417474962
2087,lws,joint,2.242030917090907,2.242030917090907,2.242030917090907
2088,lws,joint,2.2721112956899256,2.2721112956899256,2.2721112956899256
2089,lws,joint,2.309270289105232,2.309270289105232,2.309270289105232
2090,lws,joint,2.368107784941434,2.368107784941434,2.368107784941434
2091,lws,joint,2.391292200183621,2.391292200183621,2.391292200183621
2092,lws,joint,2.3862527731812118,2.3862527731812118,2.3862527731812118
2093,lws,joint,2.4130628770181146,2.4130628770181146,2.4130628770181146
2094,lws,joint,2.4019303203389546,2.4019303203389546,2.4019303203389546
2095,lws,joint,2.431707812103944,2.431707812103944,2.431707812103944
2096,lws,joint,2.467323321382365,2.467323321382365,2.467323321382365
2097,lws,joint,2.504706159104757,2.504706159104757,2.504706159104757
2098,lws,joint,2.543462500832068,2.543462500832068,2.543462500832068
2099,lws,joint,2.5953821924803715,2.5953821924803715,2.5953821924803715
2100,lws,joint,2.596380650083528,2.596380650083528,2.596380650083528
2101,lws,joint,2.6439945460779772,2.6439945460779772,2.6439945460779772
2102,lws,joint,2.682727721997994,2.682727721997994,2.682727721997994
2103,lws,joint,2.7042226285783593,2.7042226285783593,2.7042226285783593
2104,lws,joint,2.7145332680885415,2.7145332680885415,2.7145332680885415
2105,lws,joint,2.722074181430264,2.722074181430264,2.722074181430264
2106,lws,joint,2.7516842095651906,2.7516842095651906,2.7516842095651906
2107,lws,joint,2.7898153994354655,2.7898153994354655,2.7898153994354655
2108,lws,joint,2.8192113133504284,2.8192113133504284,2.8192113133504284
2109,lws,joint,2.879204985614669,2.879204985614669,2.879204985614669
2110,lws,joint,2.9193133107850935,2.9193133107850935,2.9193133107850935
2111,lws,joint,2.9720856215931226,2.9720856215931226,2.9720856215931226
2112,lws,joint,3.001654499001692,3.001654499001692,3.001654499001692
2113,lws,joint,3.020382376334686,3.020382376334686,3.020382376334686
2114,lws,joint,3.0870486403985082,3.0870486403985082,3.0870486403985082
2115,lws,joint,3.1524626466668244,3.1524626466668244,3.1524626466668244
2116,lws,joint,3.2088149105341177,3.2088149105341177,3.2088149105341177
2117,lws,joint,3.2342713686394085,3.2342713686394085,3.2342713686394085
2118,lws,joint,3.240410064624602,3.240410064624602,3.240410064624602
2119,lws,joint,3.2481015415255485,3.2481015415255485,3.2481015415255485
2120,lws,joint,3.275185202412382,3.275185202412382,3.275185202412382
2121,lws,joint,3.318941835361753,3.318941835361753,3.318941835361753
2122,lws,joint,3.3930045339144,3.3930045339144,3.3930045339144
2123,lws,joint,3.402871459621438,3.402871459621438,3.402871459621438
2124,lws,joint,3.418352831291919,3.418352831291919,3.418352831291919
2125,lws,joint,3.416339303207685,3.416339303207685,3.416339303207685
2126,lws,joint,3.4836403760724224,3.4836403760724224,3.4836403760724224
2127,lws,joint,3.547029786706335,3.547029786706335,3.547029786706335
2128,lws,joint,3.568611071090668,3.568611071090668,3.568611071090668
2129,lws,joint,3.627399972426858,3.627399972426858,3.627399972426858
2130,lws,joint,3.6697723321948086,3.6697723321948086,3.6697723321948086
2131,lws,joint,3.7155165177929357,3.7155165177929357,3.7155165177929357
2132,lws,joint,3.725133457810019,3.725133457810019,3.725133457810019
2133,lws,joint,3.729741535909395,3.729741535909395,3.729741535909395
2134,lws,joint,3.746984424753355,3.746984424753355,3.746984424753355
2135,lws,joint,3.788720765804733,3.788720765804733,3.788720765804733
2136,lws,joint,3.8184897820045234,3.8184897820045234,3.8184897820045234
2137,lws,joint,3.8186881696532615,3.8186881696532615,3.8186881696532615
2138,lws,joint,3.850861385526544,3.850861385526544,3.850861385526544
2139,lws,joint,3.8947730791384085,3.8947730791384085,3.8947730791384085
2140,lws,joint,3.9198728634877917,3.9198728634877917,3.9198728634877917
2141,lws,joint,3.9244427138611306,3.9244427138611306,3.9244427138611306
2142,lws,joint,3.9597114084129115,3.9597114084129115,3.9597114084129115
2143,lws,joint,3.9932849913182284,3.9932849913182284,3.9932849913182284
2144,lws,joint,4.0260222952927975,4.0260222952927975,4.0260222952927975
2145,lws,joint,4.059316538503893,4.059316538503893,4.059316538503893
2146,lws,joint,4.079487812157288,4.079487812157288,4.079487812157288
2147,lws,joint,4.125418166896138,4.125418166896138,4.125418166896138
2148,lws,joint,4.153147261683872,4.153147261683872,4.153147261683872
2149,lws,joint,4.20592350070585,4.20592350070585,4.20592350070585
2150,lws,joint,4.2307986469202445,4.2307986469202445,4.2307986469202445
2151,lws,joint,4.263482571569279,4.263482571569279,4.263482571569279
2152,lws,joint,4.295805886617335,4.295805886617335,4.295805886617335
2153,lws,joint,4.351237344427586,4.351237344427586,4.351237344427586
2154,lws,joint,4.392877111944913,4.392877111944913,4.392877111944913
2155,lws,joint,4.437298525869313,4.437298525869313,4.437298525869313
2156,lws,joint,4.470487414392425,4.470487414392425,4.470487414392425
2157,lws,joint,4.516634119818392,4.516634119818392,4.516634119818392
2158,lws,joint,4.562377184208207,4.562377184208207,4.562377184208207
2159,lws,joint,4.626120358682517,4.626120358682517,4.626120358682517
2160,lws,joint,4.64664774326856,4.64664774326856,4.64664774326856
2161,lws,joint,4.634313539723813,4.634313539723813,4.634313539723813
2162,lws,joint,4.6844452393474,4.6844452393474,4.6844452393474
2163,lws,joint,4.747942202617905,4.747942202617905,4.747942202617905
2164,lws,joint,4.750748028339521,4.750748028339521,4.750748028339521
2165,lws,joint,4.760026303662078,4.760026303662078,4.760026303662078
2166,lws,joint,4.79510377968571,4.79510377968571,4.79510377968571
2167,lws,joint,4.8069909267172335,4.8069909267172335,4.8069909267172335
2168,lws,joint,4.815646054346008,4.815646054346008,4.815646054346008
2169,lws,joint,4.846885962131313,4.846885962131313,4.846885962131313
2170,lws,joint,4.858678539468278,4.858678539468278,4.858678539468278
2171,lws,joint,4.8868981273175995,4.8868981273175995,4.8868981273175995
2172,lws,joint,4.899277769248436,4.899277769248436,4.899277769248436
2173,lws,joint,4.926630517537223,4.926630517537223,4.926630517537223
2174,lws,joint,4.956666017741132,4.956666017741132,4.956666017741132
2175,lws,joint,4.990182844459308,4.990182844459308,4.990182844459308
2176,lws,joint,5.035739745861833,5.035739745861833,5.035739745861833
2177,lws,joint,5.048450874618085,5.048450874618085,5.048450874618085
2178,lws,joint,5.064962215464753,5.064962215464753,5.064962215464753
2179,lws,joint,5.1068961074516865,5.1068961074516865,5.1068961074516865
2180,lws,joint,5.1351373310154775,5.1351373310154775,5.1351373310154775
2181,lws,joint,5.161954258346175,5.161954258346175,5.161954258346175
2182,lws,joint,5.179233134410224,5.179233134410224,5.179233134410224
2183,lws,joint,5.203674639450711,5.203674639450711,5.203674639450711
2184,lws,joint,5.230249301661413,5.230249301661413,5.230249301661413
2185,lws,joint,5.270951274600753,5.270951274600753,5.270951274600753
2186,lws,joint,5.261842885208832,5.261842885208832,5.261842885208832
2187,lws,joint,5.25823502301279,5.25823502301279,5.25823502301279
2188,lws,joint,5.291437135563975,5.291437135563975,5.291437135563975
2189,lws,joint,5.326312862414746,5.326312862414746,5.326312862414746
2190,lws,joint,5.386381911381347,5.386381911381347,5.386381911381347
2191,lws,joint,5.430434980657028,5.430434980657028,5.430434980657028
2192,lws,joint,5.435040533546584,5.435040533546584,5.435040533546584
2193,lws,joint,5.4807767117318615,5.4807767117318615,5.4807767117318615
2194,lws,joint,5.528918395240164,5.528918395240164,5.528918395240164
2195,lws,joint,5.548761347253193,5.548761347253193,5.548761347253193
2196,lws,joint,5.535600061309528,5.535600061309528,5.535600061309528
2197,lws,joint,5.578691853107875,5.578691853107875,5.578691853107875
2198,lws,joint,5.600370736311279,5.600370736311279,5.600370736311279
2199,lws,joint,5.622257887735048,5.622257887735048,5.622257887735048
2200,lws,joint,5.648882730278795,5.648882730278795,5.648882730278795
2201,lws,joint,5.664855491638205,5.664855491638205,5.664855491638205
2202,lws,joint,5.700468838201828,5.700468838201828,5.700468838201828
2203,lws,joint,5.7502186084000195,5.7502186084000195,5.7502186084000195
2204,lws,joint,5.778135732783894,5.778135732783894,5.778135732783894
2205,lws,joint,5.817768366812955,5.817768366812955,5.817768366812955
2206,lws,joint,5.842371122134262,5.842371122134262,5.842371122134262
2207,lws,joint,5.866341318539312,5.866341318539312,5.866341318539312
2208,lws,joint,5.880603783845598,5.880603783845598,5.880603783845598
2209,lws,joint,5.944043730060743,5.944043730060743,5.944043730060743
2210,lws,joint,5.9548525219191175,5.9548525219191175,5.9548525219191175
2211,lws,joint,5.958460641838878,5.958460641838878,5.958460641838878
2212,lws,joint,6.001791357154143,6.001791357154143,6.001791357154143
2213,lws,joint,6.019523976538539,6.019523976538539,6.019523976538539
2214,lws,joint,6.061145438098416,6.061145438098416,6.061145438098416
2215,lws,joint,6.120332933322187,6.120332933322187,6.120332933322187
2216,lws,joint,6.172108733307293,6.172108733307293,6.172108733307293
2217,lws,joint,6.221320341997893,6.221320341997893,6.221320341997893
2218,lws,joint,6.222699570968258,6.222699570968258,6.222699570968258
2219,lws,joint,6.252429344024669,6.252429344024669,6.252429344024669
2220,lws,joint,6.267552540130812,6.267552540130812,6.267552540130812
2221,lws,joint,6.317278628779411,6.317278628779411,6.317278628779411
2222,lws,joint,6.330072423811241,6.330072423811241,6.330072423811241
2223,lws,joint,6.352609251334046,6.352609251334046,6.352609251334046
2224,lws,joint,6.37631254365486,6.37631254365486,6.37631254365486
2225,lws,joint,6.423890119943558,6.423890119943558,6.423890119943558
2226,lws,joint,6.439910770832584,6.439910770832584,6.439910770832584
2227,lws,joint,6.497700010517156,6.497700010517156,6.497700010517156
2228,lws,joint,6.509580807431561,6.509580807431561,6.509580807431561
2229,lws,joint,6.5327799839008005,6.5327799839008005,6.5327799839008005
2230,lws,joint,6.5344608263916415,6.5344608263916415,6.5344608263916415
2231,lws,joint,6.565676548195805,6.565676548195805,6.565676548195805
2232,lws,joint,6.605096361007136,6.605096361007136,6.605096361007136
2233,lws,joint,6.638157600393324,6.638157600393324,6.638157600393324
2234,lws,joint,6.664482283402768,6.664482283402768,6.664482283402768
2235,lws,joint,6.700531184538167,6.700531184538167,6.700531184538167
2236,lws,joint,6.771599544614483,6.771599544614483,6.771599544614483
2237,lws,joint,6.789120904235318,6.789120904235318,6.789120904235318
2238,lws,joint,6.835553528386609,6.835553528386609,6.835553528386609
2239,lws,joint,6.8505641517453,6.8505641517453,6.8505641517453
2240,lws,joint,6.859586474629643,6.859586474629643,6.859586474629643
2241,lws,joint,6.8891329380224136,6.8891329380224136,6.8891329380224136
2242,lws,joint,6.931110954367381,6.931110954367381,6.931110954367381
2243,lws,joint,6.942856381131531,6.942856381131531,6.942856381131531
2244,lws,joint,6.976684991419059,6.976684991419059,6.976684991419059
2245,lws,joint,6.983990674035943,6.983990674035943,6.983990674035943
2246,lws,joint,6.977637518447098,6.977637518447098,6.977637518447098
2247,lws,joint,7.057207813075548,7.057207813075548,7.057207813075548
2248,lws,joint,7.085326276369168,7.085326276369168,7.085326276369168
2249,lws,joint,7.11118272697457,7.11118272697457,7.11118272697457
2250,lws,joint,7.1304760604740585,7.1304760604740585,7.1304760604740585
2251,lws,joint,7.160267688479771,7.160267688479771,7.160267688479771
2252,lws,joint,7.170799967569505,7.170799967569505,7.170799967569505
2253,lws,joint,7.197364544759702,7.197364544759702,7.197364544759702
2254,lws,joint,7.254937352541667,7.254937352541667,7.254937352541667
2255,lws,joint,7.3132398458127135,7.3132398458127135,7.3132398458127135
2256,lws,joint,7.353558633602041,7.353558633602041,7.353558633602041
2257,lws,joint,7.369373574211477,7.369373574211477,7.369373574211477
2258,lws,joint,7.429170453684257,7.429170453684257,7.429170453684257
2259,lws,joint,7.4361825074976435,7.4361825074976435,7.4361825074976435
2260,lws,joint,7.491574423880658,7.491574423880658,7.491574423880658
2261,lws,joint,7.5305034856872375,7.5305034856872375,7.5305034856872375
2262,lws,joint,7.556704000242766,7.556704000242766,7.556704000242766
2263,lws,joint,7.610409506865716,7.610409506865716,7.610409506865716
2264,lws,joint,7.630744358203974,7.630744358203974,7.630744358203974
2265,lws,joint,7.633446388116356,7.633446388116356,7.633446388116356
2266,lws,joint,7.688909598966955,7.688909598966955,7.688909598966955
2267,lws,joint,7.722507848404509,7.722507848404509,7.722507848404509
2268,lws,joint,7.725402933108569,7.725402933108569,7.725402933108569
2269,lws,joint,7.740197104703818,7.740197104703818,7.740197104703818
2270,lws,joint,7.773058132510188,7.773058132510188,7.773058132510188
2271,lws,joint,7.745844012639393,7.745844012639393,7.745844012639393
2272,lws,joint,7.775345087956423,7.775345087956423,7.775345087956423
2273,lws,joint,7.780871101589891,7.780871101589891,7.780871101589891
2274,lws,joint,7.807165424708307,7.807165424708307,7.807165424708307
2275,lws,joint,7.8533246412006195,7.8533246412006195,7.8533246412006195
2276,lws,joint,7.865225345047305,7.865225345047305,7.865225345047305
2277,lws,joint,7.872838551560976,7.872838551560976,7.872838551560976
2278,lws,joint,7.9118231976985,7.9118231976985,7.9118231976985
2279,lws,joint,7.9348017492461915,7.9348017492461915,7.9348017492461915
2280,lws,joint,7.977922534412187,7.977922534412187,7.977922534412187
2281,lws,joint,8.006532087991166,8.006532087991166,8.006532087991166
2282,lws,joint,8.03185951279863,8.03185951279863,8.03185951279863
2283,lws,joint,8.0499034600549,8.0499034600549,8.0499034600549
2284,lws,joint,8.116341279421354,8.116341279421354,8.116341279421354
2285,lws,joint,8.139714457125011,8.139714457125011,8.139714457125011
2286,lws,joint,8.137398765347529,8.137398765347529,8.137398765347529
2287,lws,joint,8.159170684039587,8.159170684039587,8.159170684039587
2288,lws,joint,8.172828626575052,8.172828626575052,8.172828626575052
2289,lws,joint,8.172231570806126,8.172231570806126,8.172231570806126
2290,lws,joint,8.194764805358153,8.194764805358153,8.194764805358153
2291,lws,joint,8.230681629244744,8.230681629244744,8.230681629244744
2292,lws,joint,8.25136918701114,8.25136918701114,8.25136918701114
2293,lws,joint,8.28024664797876,8.28024664797876,8.28024664797876
2294,lws,joint,8.326013651481444,8.326013651481444,8.326013651481444
2295,lws,joint,8.335626014481752,8.335626014481752,8.335626014481752
2296,lws,joint,8.384229880799591,8.384229880799591,8.384229880799591
2297,lws,joint,8.452894857111993,8.452894857111993,8.452894857111993
2298,lws,joint,8.469119132579559,8.469119132579559,8.469119132579559
2299,lws,joint,8.464544351169279,8.464544351169279,8.464544351169279
2300,lws,joint,8.483616077316128,8.483616077316128,8.483616077316128
1990,total,fixed,-2.9274777893690187,-3.1887632812606217,-2.6889195106835118
1991,total,fixed,-2.773144421273086,-3.022482851808572,-2.5513415982089525
1992,total,fixed,-2.6970339904071494,-2.9308146477151142,-2.4846000235526704
1993,total,fixed,-2.859873342574943,-3.0994128542438815,-2.642709187855397
1994,total,fixed,-2.8131471453667807,-3.0401492615851415,-2.6070273237570563
1995,total,fixed,-2.641500209141017,-2.8544584180065105,-2.448865130422506
1996,total,fixed,-2.4395692022876085,-2.634567261718681,-2.263649800868371
1997,total,fixed,-2.202275270398733,-2.3784860251541526,-2.0413417473376816
1998,total,fixed,-1.9688750114542355,-2.1229390500128953,-1.8244886464630168
1999,total,fixed,-1.681387033674084,-1.8057237151778565,-1.564828940355154
2000,total,fixed,-1.4379147563721562,-1.5457411568790869,-1.3402490717834274
2001,total,fixed,-1.1510307975656575,-1.2373126228016198,-1.0719732460587041
2002,total,fixed,-0.8489250487762723,-0.9139655744724364,-0.7897941405799315
2003,total,fixed,-0.5509328579631818,-0.5949008916784285,-0.5115363350098207
2004,total,fixed,-0.18720078431932397,-0.20981800012289342,-0.1701711803388414
2005,total,fixed,0.10257907596119065,0.0824612368483355,0.1190966317569801
2006,total,fixed,0.4306441365529077,0.3981920913794224,0.4668658812263617
2007,total,fixed,0.726773937244781,0.6721257343266521,0.7878761326059133
2008,total,fixed,1.0186329154087188,0.9433497753789167,1.1016268979734227
2009,total,fixed,1.2698593281950918,1.17915079711409,1.3721582513063117
2010,total,fixed,1.5565626882126633,1.4451417584479038,1.6825314399572995
2011,total,fixed,2.0485609977245263,1.9074520318074217,2.2059763768983176
2012,total,fixed,2.328083275769986,2.1670869084227053,2.5092140521036206
2013,total,fixed,2.656051758457955,2.4763269479387735,2.8587722581741204
2014,total,fixed,2.975081149826236,2.771293031536068,3.200461558270525
2015,total,fixed,3.3300320680984834,3.0985825140768015,3.580719412537735
2016,total,fixed,3.617075204788602,3.36040324536886,3.895345690115787
2017,total,fixed,4.069167975878181,3.7765405895288024,4.387379559465095
2018,total,fixed,4.412550377498656,4.094323545004704,4.758295696771977
2019,total,fixed,4.775785744053621,4.43283012466355,5.144161507676644
2020,total,fixed,5.181557669845033,4.80982015325097,5.581048104982021
2021,total,fixed,5.568073521974273,5.170100051963194,5.9952440630854245
2022,total,fixed,6.00232307687219,5.580405822544934,6.453798517244104
2023,total,fixed,6.353101490331299,5.9052759575113125,6.83141392365843
2024,total,fixed,6.762927415803967,6.288042162695774,7.276120448901973
2025,total,fixed,7.178120596283511,6.675898341378006,7.724902754775223
2026,total,fixed,7.640859463850439,7.110679054135737,8.224164138615107
2027,total,fixed,8.089186124459614,7.527181706966526,8.707870405975159
2028,total,fixed,8.547797429194215,7.9538038998980225,9.196527961612357
2029,total,fixed,8.986823437686427,8.356780370377031,9.66533742446133
2030,total,fixed,9.459832562623163,8.796015223816244,10.169718310738036
2031,total,fixed,9.923216012362992,9.227246513733347,10.666613587153641
2032,total,fixed,10.388270823165488,9.662876370752578,11.166096641605185
2033,total,fixed,10.836897219067655,10.079793043034847,11.649322945631472
2034,total,fixed,11.310622500870114,10.521025739478171,12.156789081859785
2035,total,fixed,11.770285697112548,10.945850671310065,12.650227083661306
2036,total,fixed,12.257895049310982,11.400297585842967,13.176171200343695
2037,total,fixed,12.731882674202229,11.83928620965731,13.687184859477759
2038,total,fixed,13.213932638935642,12.28604540311054,14.20716907419359
2039,total,fixed,13.713701383085258,12.749057904989295,14.744331008599055
2040,total,fixed,14.191126039262409,13.188085798366977,15.260754825106407
2041,total,fixed,14.67887009002142,13.643884951294403,15.795089670827359
2042,total,fixed,15.190285628727885,14.124297169448008,16.37919933815479
2043,total,fixed,15.677338258400425,14.577209707526334,16.90019452438949
2044,total,fixed,16.114972780124276,14.976925264537735,17.397814071974327
2045,total,fixed,16.54566239559427,15.374277489355617,17.86593195460674
2046,total,fixed,16.991075671278825,15.789707067854613,18.359791569217926
2047,total,fixed,17.46583772293944,16.23332093084477,18.888874681728794
2048,total,fixed,17.955022865159343,16.684592512997906,19.46240333859226
2049,total,fixed,18.426576137770056,17.11308232852215,20.000921810623687
2050,total,fixed,18.905988543333173,17.557000862813148,20.52170720036974
2051,total,fixed,19.418929714363514,18.03694191957429,21.096304291683786
2052,total,fixed,19.92192207868886,18.506014166413337,21.650838087973714
2053,total,fixed,20.381832221521954,18.93324642108531,22.161663327026666
2054,total,fixed,20.83351541040588,19.348903289935052,22.696040933348304
2055,total,fixed,21.336883702965086,19.818054038248587,23.260180214314868
2056,total,fixed,21.79788176867354,20.243561156690788,23.775915231767815
2057,total,fixed,22.26019267132699,20.663460397093782,24.318184803673105
2058,total,fixed,22.70748592550118,21.082340548235592,24.859369500724416
2059,total,fixed,23.16380398478324,21.506505483276648,25.36678547032795
2060,total,fixed,23.636715730507284,21.952235549348458,25.914725060741507
2061,total,fixed,24.120423818050224,22.39434266595192,26.478305647646945
2062,total,fixed,24.54988099837447,22.789037708471156,26.945798530562467
2063,total,fixed,25.014277534501666,23.220261372998074,27.529885344836426
2064,total,fixed,25.45163718796499,23.634001178583397,28.080972138684707
2065,total,fixed,25.870231160526373,24.028898955172384,28.726943090128525
2066,total,fixed,26.312006452911326,24.439463462880624,29.270822674161973
2067,total,fixed,26.726610297198423,24.82941131764256,29.805326977043503
2068,total,fixed,27.167919749136356,25.240706750835948,30.29644070152692
2069,total,fixed,27.604171197702385,25.64983534915485,30.887241196946484
2070,total,fixed,28.034911744097634,26.050435814819416,31.42294884625215
2071,total,fixed,28.43834535384635,26.42319069299027,31.969362465561595
2072,total,fixed,28.87416468502949,26.82574260157058,32.54015387577537
2073,total,fixed,29.24325752130764,27.16155108702015,33.162417936397894
2074,total,fixed,29.65664125411417,27.542465571922516,34.07763316877531
2075,total,fixed,30.09633701074067,27.945523815101815,35.19439226109687
2076,total,fixed,30.517835455378926,28.338713644406827,37.097359550085564
2077,total,fixed,30.90630456271488,28.696721513959915,37.94345160693311
2078,total,fixed,31.293075142511746,29.053837457494236,39.144989819261006
2079,total,fixed,31.665769485888116,29.402798716145554,40.13494710987476
2080,total,fixed,32.02732558113251,29.74156143159581,41.6114932460606
2081,total,fixed,32.39172026011639,30.074218247134667,42.00456914938927
2082,total,fixed,32.77471021918682,30.431469136217245,43.520446442262596
2083,total,fixed,33.156878100631474,30.780098719461144,44.99697753306979
2084,total,fixed,33.56712392943447,31.134585756770427,46.12276958779486
2085,total,fixed,33.943518750578676,31.490204659028205,47.20689977422991
2086,total,fixed,34.291369307755836,31.807420840897457,48.44325551321904
2087,total,fixed,34.65341400625974,32.14723827361876,49.58891418100114
2088,total,fixed,34.995286859456755,32.46461169063909,50.35777384516536
2089,total,fixed,35.341320402580166,32.784720110077636,51.083019683313324
2090,total,fixed,35.708176829038436,33.116949404647684,51.66008873207163
2091,total,fixed,36.03404611639225,33.414153030957145,52.37458245043319
2092,total,fixed,36.33031404781124,33.68673283469372,52.70715120525215
2093,total,fixed,36.65895349115297,33.98945816489703,53.05394154285206
2094,total,fixed,36.94681881265824,34.25165633067909,53.35090786473371
2095,total,fixed,37.27114751813019,34.55549005163613,53.68768486575003
2096,total,fixed,37.59675465824188,34.86071047967932,54.26483556857889
2097,total,fixed,37.91562009179512,35.15846708837093,55.07390889235149
2098,total,fixed,38.22234700358834,35.449830325702195,55.45645759872306
2099,total,fixed,38.543970416125596,35.75269119450346,55.78805143168413
2100,total,fixed,38.81484286415154,36.00260761315524,56.138091434112624
2101,total,fixed,39.13403094059821,36.296716606031715,56.808152741164676
2102,total,fixed,39.440975049951405,36.58486227345301,57.136043009893996
2103,total,fixed,39.73340348380809,36.858486739876355,57.450018184044495
2104,total,fixed,40.010562334148155,37.11523093605747,57.74610888671149
2105,total,fixed,40.2773928420431,37.366089925666245,58.03604045044271
2106,total,fixed,40.56237132360586,37.63685674659837,58.34058649789639
2107,total,fixed,40.852286348998874,37.90608159822338,58.629161334316656
2108,total,fixed,41.125126651814455,38.15743499759783,58.89940613816074
2109,total,fixed,41.428804146190494,38.43658128734725,59.196725387528446
2110,total,fixed,41.700353168282696,38.685529963190454,59.46862599656435
2111,total,fixed,41.990593983240785,38.95553338233389,59.7526217503002
2112,total,fixed,42.254981337331174,39.19694715857328,60.009730617937315
2113,total,fixed,42.50016336655345,39.43347372573181,60.256590373249495
2114,total,fixed,42.804784394261816,39.71519872371607,60.582728689284764
2115,total,fixed,43.09872016480453,39.993593409570714,60.877731958511056
2116,total,fixed,43.39237959966455,40.27053212853893,61.47675832335402
2117,total,fixed,43.64659924094599,40.49538921205679,61.73022693031494
2118,total,fixed,43.8749894828624,40.697705787393915,62.26955802278643
2119,total,fixed,44.093228339610405,40.89993869739188,62.49252213550099
2120,total,fixed,44.327225450040004,41.114414193561224,62.728465786920566
2121,total,fixed,44.57831353101257,41.339763981097846,62.977691818500915
2122,total,fixed,44.85962014568484,41.59392135274737,63.25539265303241
2123,total,fixed,45.08098791902636,41.787768390685386,63.47043057170012
2124,total,fixed,45.303464741821095,41.99342517956375,63.69280967674304
2125,total,fixed,45.508873529494295,42.18368754837039,63.89946182059996
2126,total,fixed,45.78189364399577,42.43868502352438,64.17128622567895
2127,total,fixed,46.057184011584305,42.68515994967671,64.44143498073512
2128,total,fixed,46.28115749426298,42.89803631400146,64.66549640405127
2129,total,fixed,46.536999475455715,43.134685042765796,64.9217903216792
2130,total,fixed,46.76791091561043,43.34335916626177,65.15350984957014
2131,total,fixed,47.00639778849818,43.55553373151611,65.38866565312286
2132,total,fixed,47.205310745625525,43.72656513002046,65.5822917872465
2133,total,fixed,47.39664942395072,43.89378846223486,65.7720954438498
2134,total,fixed,47.60346366904835,44.07408683664856,65.97480578229278
2135,total,fixed,47.83593779924624,44.28318763160032,66.20625652559991
2136,total,fixed,48.05301304846232,44.47880105368825,66.42389719403131
2137,total,fixed,48.24639981599879,44.65061372220146,66.61290028018753
2138,total,fixed,48.46969845510499,44.853494210225556,66.83189368242984
2139,total,fixed,48.69587002085048,45.063046564711044,67.05712292525067
2140,total,fixed,48.898645493261654,45.258547933904495,67.26277692475642
2141,total,fixed,49.07163896663492,45.43473189469284,67.44167778694819
2142,total,fixed,49.279634286690595,45.62799663167857,67.64891331295824
2143,total,fixed,49.48177215289796,45.81165592374902,67.85079232938362
2144,total,fixed,49.680285366939906,45.991303546915056,68.04956660988404
2145,total,fixed,49.87812400208695,46.17483515103485,68.24827066472051
2146,total,fixed,50.063602359912494,46.34334317299023,68.43458030750384
2147,total,fixed,50.275005560051454,46.53786317422044,68.64671901892929
2148,total,fixed,50.47045411477395,46.71184384016627,68.83797242464374
2149,total,fixed,50.68816431533887,46.912073561198724,69.05463637451604
2150,total,fixed,50.88057191600943,47.08490301549067,69.24171848903154
2151,total,fixed,51.076059793064026,47.2684104311249,69.43507829846347
2152,total,fixed,51.267019258475145,47.45291928874891,69.62397288210492
2153,total,fixed,51.4753828142623,47.648500933174,69.83611300496425
2154,total,fixed,51.67309576336156,47.827408860509706,70.03121625086214
2155,total,fixed,51.87182075150842,48.011387229994426,70.23121903781129
2156,total,fixed,52.058471169354604,48.18419717037735,70.42002801093267
2157,total,fixed,52.261390608680486,48.37476903154487,70.62509580159156
2158,total,fixed,52.46175804157732,48.57036962695996,70.83344796698675
2159,total,fixed,52.69088482009304,48.784137649022746,71.0615569429127
2160,total,fixed,52.8731467663183,48.95530034412017,71.24652042915969
2161,total,fixed,53.018355249203395,49.09390445652936,71.397941390779
2162,total,fixed,53.21993887383345,49.28685688356295,71.60395471999836
2163,total,fixed,53.43979484194254,49.49626324132064,71.82320530751379
2164,total,fixed,53.597739453108375,49.63967667069799,71.97845214636081
2165,total,fixed,53.75641659465467,49.787631858037415,72.13864625058854
2166,total,fixed,53.9400645881902,49.95781412425024,72.32079706258341
2167,total,fixed,54.099045849961875,50.10360865694783,72.47520419544033
2168,total,fixed,54.25563139993815,50.250529687837854,72.61106674420185
2169,total,fixed,54.44135178957378,50.42610830271669,72.7756075805576
2170,total,fixed,54.61262802296138,50.58645171902226,72.92900645759717
2171,total,fixed,54.80207894907779,50.77003579226947,73.0978642192601
2172,total,fixed,54.97979864622705,50.93343192420189,73.24940010562175
2173,total,fixed,55.16270476045278,51.1019519453523,73.40641890028796
2174,total,fixed,55.34910059448006,51.2727299851246,73.5656249394081
2175,total,fixed,55.53432372529848,51.443949071114815,73.72516905407029
2176,total,fixed,55.72273676505979,51.62134178608546,73.89038114778239
2177,total,fixed,55.879801820095686,51.764365970444956,74.02037893744374
2178,total,fixed,56.03777644799385,51.916322880608355,74.15347863691322
2179,total,fixed,56.22196196549722,52.09834133544004,74.31290954543503
2180,total,fixed,56.39705800241545,52.25765052200645,74.46432879804989
2181,total,fixed,56.57270325362522,52.41879593219353,74.61822641669872
2182,total,fixed,56.74658449876331,52.572412928988626,74.76350064144592
2183,total,fixed,56.914967100431454,52.73535175182579,74.91363454816485
2184,total,fixed,57.08424585456456,52.897770165306035,75.06290314090023
2185,total,fixed,57.267710093670345,53.07310286916706,75.2249833717645
2186,total,fixed,57.39416658623801,53.194676472585876,75.33331997708089
2187,total,fixed,57.53448594598008,53.31077445547398,75.44309016868858
2188,total,fixed,57.713203799974146,53.46711703830292,75.58894643329435
2189,total,fixed,57.88044585872009,53.62560088917734,75.7348462243113
2190,total,fixed,58.07151088375293,53.81151763236955,75.90730641233127
2191,total,fixed,58.25735609158791,53.98727083412467,76.06909355698997
2192,total,fixed,58.404532424918415,54.12646829022701,76.1944210057429
2193,total,fixed,58.59839584128974,54.30040852727136,76.36064704705808
2194,total,fixed,58.793897615876105,54.47474682456324,76.54220021295016
2195,total,fixed,58.96030291554136,54.630323574993426,76.7109592011351
2196,total,fixed,59.081462438298786,54.74267424787838,76.83762026521882
2197,total,fixed,59.262990938377854,54.90881149329231,77.02329234306758
2198,total,fixed,59.42370459636662,55.048886927287064,77.18270774019399
2199,total,fixed,59.587291859447014,55.188534098712246,77.3415251341028
2200,total,fixed,59.74915320671051,55.331925191970086,77.50319904456934
2201,total,fixed,59.89828487527787,55.46303092885688,77.65218204290728
2202,total,fixed,60.073017742513066,55.616761468393484,77.82638221038317
2203,total,fixed,60.26868074058383,55.78613112043003,78.01972462209152
2204,total,fixed,60.44348738868194,55.95170121174761,78.19636104943241
2205,total,fixed,60.635654662172115,56.13150651109784,78.3877915706849
2206,total,fixed,60.81131883040355,56.29597431689516,78.56370421085829
2207,total,fixed,60.97723930689169,56.45111752360788,78.72739627138685
2208,total,fixed,61.1369504881235,56.596266518301704,78.8627112024293
2209,total,fixed,61.33348672041925,56.7758532284506,79.03801756706878
2210,total,fixed,61.477052830801384,56.901664893490334,79.16052879099324
2211,total,fixed,61.61082023181119,57.0244011586653,79.2729974291228
2212,total,fixed,61.780702892292,57.18163681932709,79.42467472430465
2213,total,fixed,61.92540737850142,57.30445491894277,79.55315034953212
2214,total,fixed,62.09567009398368,57.4528055156269,79.70702594533475
2215,total,fixed,62.2843922406989,57.62939865965116,79.87720187412725
2216,total,fixed,62.464363252925594,57.81009002081655,80.0392358225498
2217,total,fixed,62.64233697042641,57.99076155059039,80.1969790200674
2218,total,fixed,62.7729049953449,58.12378206588132,80.30695540387082
2219,total,fixed,62.927803907745,58.268737641020145,80.44216009153337
2220,total,fixed,63.06998765396811,58.3848578369203,80.56338759639512
2221,total,fixed,63.24507541370954,58.53624784226462,80.719911657063
2222,total,fixed,63.38860018222139,58.66383472354165,80.83807324845108
2223,total,fixed,63.53715120619164,58.801947488010896,80.96503494099086
2224,total,fixed,63.68557822936556,58.941889456621404,81.09340862988016
2225,total,fixed,63.86047497856045,59.10725983196825,81.24724166501187
2226,total,fixed,64.00097449002425,59.241150486893766,81.3695530686977
2227,total,fixed,64.18766320390395,59.4138446885786,81.53611036655911
2228,total,fixed,64.33177021747233,59.53106604478784,81.67003807955547
2229,total,fixed,64.4831354661992,59.65946541620283,81.81525020462493
2230,total,fixed,64.60646470847294,59.76533665555971,81.93761669870496
2231,total,fixed,64.76657675374146,59.90121385329811,82.09007275125819
2232,total,fixed,64.93411452081759,60.04882246857253,82.25126499004773
2233,total,fixed,65.08900698683678,60.193347260749974,82.40319684672815
2234,total,fixed,65.23493087312886,60.32811140224957,82.54509837887086
2235,total,fixed,65.38468427762487,60.471933730436106,82.69581511041825
2236,total,fixed,65.57704257272506,60.65122041086306,82.8811260343241
2237,total,fixed,65.71946327045572,60.77780119975044,83.01378656138519
2238,total,fixed,65.89367617614371,60.9400622880104,83.18315179194722
2239,total,fixed,66.03953776606687,61.07265385153252,83.32332783074328
2240,total,fixed,66.17810241210555,61.20008008121298,83.46678756154672
2241,total,fixed,66.33051822944081,61.34629342881766,83.62897823813155
2242,total,fixed,66.5003400620555,61.50578408037996,83.8044975341884
2243,total,fixed,66.6411030443032,61.634552361526744,83.94939036089734
2244,total,fixed,66.79516098596854,61.78320212736853,84.10964180283287
2245,total,fixed,66.91777118118102,61.903937233708135,84.24133218467736
2246,total,fixed,67.02153531603071,62.003769786346616,84.35630134516474
2247,total,fixed,67.21591034618149,62.18485086566404,84.55684723572625
2248,total,fixed,67.35743175658521,62.31615326843287,84.70765927601342
2249,total,fixed,67.5040141444297,62.453221006807794,84.86218292048979
2250,total,fixed,67.64797671276625,62.59007626359893,85.01501202414681
2251,total,fixed,67.80190192513888,62.739501621381095,85.18032658787718
2252,total,fixed,67.93447645631122,62.86707685981292,85.32349489160443
2253,total,fixed,68.08493579563694,63.00676408840592,85.47940428859786
2254,total,fixed,68.26437204118393,63.17301878923371,85.6620937418725
2255,total,fixed,68.43829076674683,63.33567931226605,85.8404550032165
2256,total,fixed,68.5942478227242,63.480697268052936,86.00100949409592
2257,total,fixed,68.71995027153085,63.59879370071196,86.13447921846617
2258,total,fixed,68.89353145697362,63.758908622812235,86.30985379056327
2259,total,fixed,69.00959659621421,63.866414087716706,86.43237210364461
2260,total,fixed,69.17749606270624,64.02270759155121,86.60327827357663
2261,total,fixed,69.33036183649637,64.16210485327473,86.75716048159624
2262,total,fixed,69.47279944914536,64.29175718515867,86.90143941596608
2263,total,fixed,69.63590959231351,64.44674567390202,87.07087977156819
2264,total,fixed,69.76935906741443,64.5660398340567,87.20648325778727
2265,total,fixed,69.88699740385235,64.66392944266296,87.32389480967768
2266,total,fixed,70.05027382863398,64.81947092369091,87.49078885901027
2267,total,fixed,70.18899329853431,64.95027067841461,87.63566709956551
2268,total,fixed,70.29540672135438,65.04447542090408,87.74941173229506
2269,total,fixed,70.41365004616746,65.14899741019602,87.87324397839687
2270,total,fixed,70.55285508444489,65.27167892591848,88.01526736717862
2271,total,fixed,70.63112032244165,65.33481103566491,88.09772279087106
2272,total,fixed,70.7626239718756,65.45505553526293,88.23711398972094
2273,total,fixed,70.86889163879155,65.55123757445345,88.3523729925462
2274,total,fixed,70.99600971767939,65.66831821954109,88.48864789176464
2275,total,fixed,71.14482305281442,65.80549233651209,88.64499519081713
2276,total,fixed,71.26281211818926,65.90973726667082,88.76831723980645
2277,total,fixed,71.37806026764075,66.00849538775928,88.88599298253651
2278,total,fixed,71.52061053626558,66.13626286902665,89.03278435103884
2279,total,fixed,71.64481297344938,66.24704194215506,89.16263984319592
2280,total,fixed,71.79160711472832,66.37712687275084,89.31168806913796
2281,total,fixed,71.92651309986981,66.49339227037123,89.44690620732018
2282,total,fixed,72.05605516028803,66.60547237364526,89.57729757266094
2283,total,fixed,72.17299173422668,66.71177820130974,89.70183035570614
2284,total,fixed,72.34094046289661,66.8688678372057,89.8732943918807
2285,total,fixed,72.46269816788751,66.98103940769619,90.00060460208103
2286,total,fixed,72.55793758275425,67.06219493556715,90.10153677681372
2287,total,fixed,72.67714408111104,67.17233753666582,90.22855198221042
2288,total,fixed,72.78945646255568,67.27525678744145,90.34705023490558
2289,total,fixed,72.89115470236044,67.36095436573044,90.45117049894361
2290,total,fixed,73.00641376045269,67.46754352936964,90.57605409456637
2291,total,fixed,73.14236086092342,67.58806274059481,90.71492497341073
2292,total,fixed,73.2619967066443,67.69234625186692,90.83746993153719
2293,total,fixed,73.38650047002886,67.80576380696324,90.96909673640042
2294,total,fixed,73.52748262865889,67.93587962321747,91.11709375836138
2295,total,fixed,73.63301453914978,68.03041330248257,91.22933251881584
2296,total,fixed,73.78095950756662,68.17487423521837,91.38350435087516
2297,total,fixed,73.95562833834859,68.3397127223992,91.56025534148128
2298,total,fixed,74.07849265146132,68.448063586295,91.68899323393079
2299,total,fixed,74.18208728920965,68.53878189359514,91.79467561224503
2300,total,fixed,74.30738080364608,68.65603986691697,91.92563558335436
1990,total,joint,-2.8370188937546414,-3.328583983261633,-2.3533781458004372
1991,total,joint,-2.696637711472551,-3.1569206045700025,-2.2490918131083513
1992,total,joint,-2.5936773789081906,-3.0224942253400555,-2.1888390618066977
1993,total,joint,-2.633276296118142,-3.0465902453050058,-2.2459737333818013
1994,total,joint,-2.584859401599325,-2.981855877923904,-2.2154442534347867
1995,total,joint,-2.4436792305536237,-2.818514478021436,-2.1059567909467316
1996,total,joint,-2.2571883993280135,-2.599485954303626,-1.9438640688220041
1997,total,joint,-2.0414050631481224,-2.347473556554028,-1.7520261559549142
1998,total,joint,-1.8343255901105486,-2.1017447419273614,-1.5775707744210477
1999,total,joint,-1.5616297798247167,-1.788617622248214,-1.343832199100556
2000,total,joint,-1.3351469377324694,-1.5311293038179257,-1.1529681151259603
2001,total,joint,-1.07614891773318,-1.2320007737988845,-0.9291317195648234
2002,total,joint,-0.8028586736396566,-0.9211207359202774,-0.6934669619929797
2003,total,joint,-0.5407802420628736,-0.6235392583134297,-0.4668973507390632
2004,total,joint,-0.2011694368151602,-0.2489314804411599,-0.16068435255737956
2005,total,joint,0.06585304203236841,0.028514551382936126,0.10181892686864008
2006,total,joint,0.38455441653317735,0.32496683281545974,0.4469059667538479
2007,total,joint,0.6661776864921265,0.5703931013729151,0.7690555346388763
2008,total,joint,0.9506394612610425,0.8182411295152868,1.09579050393488
2009,total,joint,1.192785628443902,1.0244685879482787,1.3748461640523535
2010,total,joint,1.458077492777953,1.2515236908051186,1.6847660680572984
2011,total,joint,1.9252350858687572,1.6720982189986346,2.196642754498789
2012,total,joint,2.1847268951101277,1.890492446288823,2.5027389990286975
2013,total,joint,2.489100036553311,2.1500714453915952,2.851741774120342
2014,total,joint,2.7745806746210375,2.392618023056456,3.182670651430019
2015,total,joint,3.0855320293319703,2.6611710794678682,3.541533981042673
2016,total,joint,3.3298147857975877,2.8563177808699893,3.8401898045917906
2017,total,joint,3.7417134084687955,3.217941179322702,4.311247360529959
2018,total,joint,4.042742502861207,3.4621153427873583,4.673699974834927
2019,total,joint,4.363519342525477,3.734612852292786,5.050625702444642
2020,total,joint,4.742562962970935,4.051899499066223,5.479362338296909
2021,total,joint,5.094762315415297,4.351226824155737,5.880248238832743
2022,total,joint,5.492132080210718,4.69937876885002,6.337790793062835
2023,total,joint,5.800778314299242,4.954487605356661,6.716256508517156
2024,total,joint,6.164708962611656,5.266133070490769,7.148629038070258
2025,total,joint,6.532526780316274,5.5675969111376435,7.578389102727502
2026,total,joint,6.943981295822468,5.910975886773196,8.065896536097272
2027,total,joint,7.341093723420953,6.239671263993851,8.542304830319523
2028,total,joint,7.743009132367753,6.568290297419872,9.0150554947616
2029,total,joint,8.12534583238569,6.887463776156779,9.502565015297765
2030,total,joint,8.546023199215938,7.2383178622024165,10.012347411871787
2031,total,joint,8.949840322433257,7.569098121239786,10.517673195554517
2032,total,joint,9.357555838794351,7.913949097386741,11.027801252918925
2033,total,joint,9.744410005790368,8.230240732715398,11.51141857018203
2034,total,joint,10.15553152237114,8.56588567768553,12.045088148985004
2035,total,joint,10.554198042797399,8.881361259141846,12.568597130263724
2036,total,joint,10.976283582200113,9.205001415244435,13.131036220010916
2037,total,joint,11.38219424729493,9.525565537535089,13.691657654360727
2038,total,joint,11.786928234752018,9.848887582123956,14.29652261147856
2039,total,joint,12.203311330168196,10.19173456162097,14.921721377505781
2040,total,joint,12.612967188291119,10.517429097967444,15.532753528316057
2041,total,joint,13.023180682456045,10.849447247845822,16.143745919567962
2042,total,joint,13.464986503817446,11.199198089222882,16.83856939680851
2043,total,joint,13.869856768522249,11.524050368121044,17.530197394102334
2044,total,joint,14.227727304968141,11.792699097980451,18.094527116096295
2045,total,joint,14.566481397867637,12.047746580991392,18.7267103057471
2046,total,joint,14.932889957344349,12.314904877176701,19.511304725811062
2047,total,joint,15.333200664726217,12.614759414029503,20.36247555437294
2048,total,joint,15.744196979354516,12.925151850098878,21.114645106630096
2049,total,joint,16.131768597186184,13.20789612382822,22.010100948130813
2050,total,joint,16.516797521402275,13.499679163139655,22.662857998433577
2051,total,joint,16.92295659817803,13.84133473910355,23.554562635773273
2052,total,joint,17.31805250864449,14.147749011256844,24.77954337085887
2053,total,joint,17.68004723961336,14.416421602496559,25.763241554945832
2054,total,joint,18.04243408387275,14.68953024182378,26.872118406125807
2055,total,joint,18.45215612624101,14.985939899617797,28.08452713509806
2056,total,joint,18.813633203447523,15.265829251861618,29.28675252656665
2057,total,joint,19.177316216144625,15.538297053330538,30.563315556750492
2058,total,joint,19.531511227409908,15.799682473173636,31.96359967843324
2059,total,joint,19.891386669081783,16.065173374454066,33.37468282692323
2060,total,joint,20.26261063749259,16.346620159162875,34.57435736725162
2061,total,joint,20.605705930548822,16.627814270656486,35.59162236910044
2062,total,joint,20.937637869967382,16.8490637358781,36.80909172774849
2063,total,joint,21.307370888628107,17.105270918543138,38.07243787094521
2064,total,joint,21.644281626868555,17.346397983209904,39.18966689076605
2065,total,joint,21.97079617327525,17.577191007949487,40.290356069767036
2066,total,joint,22.308199011723392,17.838468219756876,41.55854883196373
2067,total,joint,22.63592124226264,18.068100040558726,42.64729177917471
2068,total,joint,22.98304379708471,18.32562410319658,43.5165757173348
2069,total,joint,23.332423437459184,18.577824503125857,44.45468538402705
2070,total,joint,23.664759284418963,18.810683058976572,45.83136584728569
2071,total,joint,23.972086863939253,19.017276801374194,47.225440261033164
2072,total,joint,24.299288431527387,19.253215611597103,48.638773835669916
2073,total,joint,24.561953415392104,19.417874991303588,50.01175494657993
2074,total,joint,24.863793665525474,19.634859982471383,51.52951741974834
2075,total,joint,25.183783250955052,19.87437153481864,52.86720389288259
2076,total,joint,25.511811707455273,20.115615072198576,54.29054162573067
2077,total,joint,25.797515259493814,20.339569364563562,55.67817518826748
2078,total,joint,26.092403987549666,20.53421379041383,57.07203280376382
2079,total,joint,26.373779927824728,20.72590393641713,58.31637295201199
2080,total,joint,26.644554531914693,20.892431405039815,59.53500343588932
2081,total,joint,26.91096552887522,21.06844911309557,60.73303386866526
2082,total,joint,27.190501676454595,21.268380758088508,62.084211076058274
2083,total,joint,27.4753408556275,21.460064913833037,63.46607793865332
2084,total,joint,27.752719614298933,21.662698602841743,64.59397684837322
2085,total,joint,28.039067134138193,21.85023084294629,65.71409080692533
2086,total,joint,28.284412813526814,22.002157716907043,66.81863268397649
2087,total,joint,28.553557718847166,22.183242095589307,67.91097156574938
2088,total,joint,28.804999516169822,22.351505858647506,69.19216536147992
2089,total,joint,29.04873294064832,22.531527326314396,70.53907301462037
2090,total,joint,29.313080039239424,22.733721252221297,72.06025996108862
2091,total,joint,29.54984135843744,22.906221469357135,73.33476898752531
2092,total,joint,29.75393817743438,23.05378226576548,74.69363500901791
2093,total,joint,29.995780204045843,23.23072873084069,75.89098955883327
2094,total,joint,30.187469507741035,23.34753958556499,76.89424305740266
2095,total,joint,30.41050011984123,23.496654537001966,77.92311825808616
2096,total,joint,30.64454025919545,23.6569450666811,78.93140133381046
2097,total,joint,30.872010250762365,23.816187220675324,79.85136935851004
2098,total,joint,31.102139609738273,23.974188103842245,80.92851347825163
2099,total,joint,31.33815187627903,24.12539902763695,81.93759408740955
2100,total,joint,31.52741333425992,24.231706391676397,83.0040755822805
2101,total,joint,31.76973365116798,24.39152533984591,83.85186245099241
2102,total,joint,31.99525820954708,24.538174045358836,84.1761318604607
2103,total,joint,32.195529134390185,24.6653682419148,85.19787150497991
2104,total,joint,32.38482690063398,24.779442218639385,85.91527948313008
2105,total,joint,32.56402871410225,24.891529519171296,86.80957248954198
2106,total,joint,32.74491643082549,25.029407199601156,87.87516804457275
2107,total,joint,32.949104594637575,25.173235167089178,88.8297057992067
2108,total,joint,33.14691924502134,25.307842747030083,89.68229318435947
2109,total,joint,33.36190605163962,25.471493865579156,90.30755777900157
2110,total,joint,33.53890731835044,25.6123896867715,90.57464108679541
2111,total,joint,33.732752529260466,25.76061865592151,90.98028719397999
2112,total,joint,33.92359895774728,25.88719715481463,91.91832765228806
2113,total,joint,34.102817685609566,26.00205056809161,92.96153837651725
2114,total,joint,34.32173898579637,26.161944306733005,94.04815013337367
2115,total,joint,34.516519246595756,26.322623069640958,95.11417253038435
2116,total,joint,34.69530905954831,26.47500749008713,96.13836600099472
2117,total,joint,34.85503283954348,26.580677751339344,96.89705356657417
2118,total,joint,35.003830657351685,26.664023087419935,97.63638803685609
2119,total,joint,35.1667895981802,26.747799063244756,99.08536439671701
2120,total,joint,35.3507289051756,26.85863245431515,99.50508796916817
2121,total,joint,35.54390845741117,26.99077188861695,100.03646107730923
2122,total,joint,35.769827071340735,27.155435742558385,100.93524474743403
2123,total,joint,35.92056574613354,27.255127434956748,101.81697580878978
2124,total,joint,36.067186519562014,27.358203600191235,102.66367105903429
2125,total,joint,36.19993949899595,27.441602878881167,103.11389713584757
2126,total,joint,36.39886442435619,27.584421063657086,103.29841989458374
2127,total,joint,36.59146079007517,27.716657458221263,103.50832350319463
2128,total,joint,36.73646833920139,27.809837177597768,104.29348039798445
2129,total,joint,36.91199915198942,27.96152345377527,105.27855744613211
2130,total,joint,37.07732580955718,28.09159585550064,106.24659796718738
2131,total,joint,37.254505726934184,28.21888087159559,106.63808021827852
2132,total,joint,37.39397800138654,28.311825804599245,106.82491701515418
2133,total,joint,37.52019653183545,28.399280063417137,107.38327704790699
2134,total,joint,37.658469289183515,28.497719721878056,108.1988959598726
2135,total,joint,37.82214965311138,28.6175789670582,109.01295828319797
2136,total,joint,37.96759017243656,28.72209925910355,109.79171742828858
2137,total,joint,38.09382918910147,28.794114907381772,110.53637587644967
2138,total,joint,38.25813389552626,28.877922116399954,111.08024987497286
2139,total,joint,38.43190481375008,29.0015765077283,111.28776730052505
2140,total,joint,38.57552965314626,29.099532405124577,111.44514370247266
2141,total,joint,38.687822784259566,29.170751131590336,111.61058925816906
2142,total,joint,38.827619552104615,29.273952596974908,112.31571378355744
2143,total,joint,38.964349736921235,29.376131921778367,112.99105448243023
2144,total,joint,39.1030369614829,29.47724104484089,113.75161143357401
2145,total,joint,39.252688113489036,29.57838988019944,114.51105832182583
2146,total,joint,39.39747293948651,29.664939156301845,115.25358444613227
2147,total,joint,39.576263159022126,29.775854476629426,115.60694827995245
2148,total,joint,39.73075090982765,29.86842183427517,115.74203311056003
2149,total,joint,39.89928041504663,29.98628253924768,115.89976052597024
2150,total,joint,40.025751405275464,30.07558842872792,116.02825383565873
2151,total,joint,40.167132022394874,30.17214406310743,116.19665090396148
2152,total,joint,40.3133645214739,30.269456279539355,116.65822984828837
2153,total,joint,40.48861603242605,30.39309862022676,117.42138726749229
2154,total,joint,40.653064477095214,30.506663557474965,118.05675323570331
2155,total,joint,40.82070399168728,30.62386947567597,118.34283152456126
2156,total,joint,40.97516715986286,30.720286281390212,118.61628437340609
2157,total,joint,41.14233988597411,30.827170830382247,118.89262407152815
2158,total,joint,41.303618661179165,30.945823364598372,119.14346938415987
2159,total,joint,41.48416527838319,31.081014306574016,119.40889311293309
2160,total,joint,41.612454439929955,31.16666990376968,119.62842839454756
2161,total,joint,41.71332289924767,31.215172388078795,119.81312881304521
2162,total,joint,41.87092872490824,31.327163586142916,120.05987841281583
2163,total,joint,42.051380045134614,31.456435087707035,120.32199091134878
2164,total,joint,42.17339973849593,31.529423227784445,120.7132485779869
2165,total,joint,42.290254274817556,31.60932435004213,121.42263742761831
2166,total,joint,42.42020739468138,31.714135442133554,121.8462002279911
2167,total,joint,42.535512402286415,31.79355671767101,122.02087990433968
2168,total,joint,42.65126494213173,31.866148904930814,122.31052362756641
2169,total,joint,42.780992250814904,31.958853668047638,123.03590601080576
2170,total,joint,42.88525821984314,32.030476586398414,123.73981993449472
2171,total,joint,43.008911756829676,32.11687547897004,124.45875802873522
2172,total,joint,43.13529060922633,32.188131737227714,125.16179930791861
2173,total,joint,43.27889981224878,32.27705388924643,125.88148858374046
2174,total,joint,43.41565724063156,32.371820721741706,126.61117791413903
2175,total,joint,43.55798108601435,32.47198067112329,127.33629533628988
2176,total,joint,43.70501600070896,32.584838516003906,128.06381439905886
2177,total,joint,43.82069640498472,32.66344797016219,128.75737139949084
2178,total,joint,43.93669980812633,32.74269989877277,129.41352978890046
2179,total,joint,44.075612278220284,32.84488758387236,130.14464521918936
2180,total,joint,44.20202806979452,32.9317051541642,130.86013969729854
2181,total,joint,44.321237552184,33.01553721818505,131.2677032521958
2182,total,joint,44.43344734506133,33.088880980484376,131.37654334196242
2183,total,joint,44.5530318058582,33.16906421523598,131.5722331547595
2184,total,joint,44.66705772450631,33.25170491981493,131.823075411436
2185,total,joint,44.80287002264019,33.349839770197256,132.007100540575
2186,total,joint,44.901662839861984,33.40143982130641,132.14405922551342
2187,total,joint,45.0057967042888,33.46046495591882,132.28794329671013
2188,total,joint,45.13527265298071,33.55706052122214,132.4359244326475
2189,total,joint,45.28085442676469,33.6529281448049,132.5865154291818
2190,total,joint,45.44611001494156,33.77121053001342,132.76111221651323
2191,total,joint,45.58483788657685,33.87185737006056,132.91745150629853
2192,total,joint,45.69493116998353,33.931777575909564,133.04977020088862
2193,total,joint,45.843382941311674,34.03769848577002,133.76524139353592
2194,total,joint,45.98681729348141,34.14749824826248,134.48317566568588
2195,total,joint,46.109030632330224,34.229662441965345,135.1731794454327
2196,total,joint,46.191351341940575,34.27942166665737,135.66898696654158
2197,total,joint,46.34644571057315,34.38610072407576,135.79844673002646
2198,total,joint,46.48596677102109,34.47455648445335,135.90853914851593
2199,total,joint,46.62576037926596,34.56315711614885,136.01904975477945
2200,total,joint,46.76428739367151,34.65458194929625,136.12455444520293
2201,total,joint,46.8755280453098,34.73656112839402,136.21670432826411
2202,total,joint,47.00834286553274,34.8428925884914,136.32694186604272
2203,total,joint,47.15894133589241,34.96304846979349,136.45070008192155
2204,total,joint,47.29195886397251,35.05803219905952,136.5518042713757
2205,total,joint,47.42385153627601,35.168139983940165,136.66374365163526
2206,total,joint,47.53466506295648,35.2412625038063,136.76031715374194
2207,total,joint,47.6508529398812,35.32714297978593,136.85624039853334
2208,total,joint,47.76643612647068,35.400276505551105,136.9435560401325
2209,total,joint,47.933391713117075,35.52756597162398,137.0815928237016
2210,total,joint,48.04990199782928,35.595269593664355,137.16878567714804
2211,total,joint,48.16388330195852,35.66190105893544,137.40028300732362
2212,total,joint,48.31676476039099,35.76828679001669,137.55769546254282
2213,total,joint,48.44052337562588,35.83839820111262,137.68914346518153
2214,total,joint,48.58597567896729,35.9382621605926,137.83188216485556
2215,total,joint,48.73772677021135,36.049933505725186,137.9767198621024
2216,total,joint,48.89719749477282,36.15270220100863,138.11309604807943
2217,total,joint,49.046537324243765,36.25259416590293,138.2464428317208
2218,total,joint,49.14422366006664,36.30577957231985,138.33202273118727
2219,total,joint,49.26880918799913,36.38787351614782,138.44640408811728
2220,total,joint,49.379195441986994,36.46545830002505,138.5479533585418
2221,total,joint,49.52768539006657,36.5831034409257,138.6856472634084
2222,total,joint,49.64847062281302,36.66538916670551,138.78838861816473
2223,total,joint,49.77327772921481,36.756976577260936,138.9010914583803
2224,total,joint,49.89167510592867,36.84774885785548,139.26260887676136
2225,total,joint,50.02833511116721,36.954495447886075,140.13101198081847
2226,total,joint,50.125273111528855,37.0257936130818,140.69472031917263
2227,total,joint,50.25947703047267,37.13644416165422,141.23858939993679
2228,total,joint,50.34662713022939,37.20019897346208,141.4630528474525
2229,total,joint,50.441653032305524,37.2758012899475,141.67537794855804
2230,total,joint,50.52331778077918,37.347707820382084,141.84137479913142
2231,total,joint,50.644573089980426,37.45199812357821,142.03982359166514
2232,total,joint,50.785211972381695,37.5336955313083,142.24816076484194
2233,total,joint,50.910441904898576,37.62259846932123,142.451289485643
2234,total,joint,51.03660522436307,37.71171970149654,143.29567079758866
2235,total,joint,51.174096140607546,37.81532568538661,144.15132705970197
2236,total,joint,51.34684852457505,37.936237869082845,144.7706299008829
2237,total,joint,51.46337835173742,38.00242008157687,144.9402064278032
2238,total,joint,51.599097053414,38.09876880813905,145.09927658302627
2239,total,joint,51.701324575702756,38.163865621817095,145.2266290523233
2240,total,joint,51.805531693157036,38.22473854923903,145.34892796963823
2241,total,joint,51.93372357573479,38.31114023626055,145.49540625211657
2242,total,joint,52.07871413708291,38.40991226208443,145.65927647550083
2243,total,joint,52.19312127167258,38.476835131739115,145.86481099102733
2244,total,joint,52.325002552665644,38.565220531483014,146.5140533326725
2245,total,joint,52.42512443925958,38.62599168385775,146.61545825647735
2246,total,joint,52.511380286393646,38.67134085597043,146.70143590598747
2247,total,joint,52.66965792672684,38.801451594929944,146.87211642943052
2248,total,joint,52.77407732201601,38.87970742807352,146.99101149584902
2249,total,joint,52.88494531035078,38.95461637752575,147.10643850238586
2250,total,joint,52.98820204758895,39.0223861267536,147.2146092187215
2251,total,joint,53.103363559788534,39.100291877962405,147.55485182969977
2252,total,joint,53.19921569081933,39.159239320288435,148.05586820387953
2253,total,joint,53.32101987050879,39.2350493763656,148.57409038903486
2254,total,joint,53.48046757120112,39.343224705073894,149.3410496198464
2255,total,joint,53.6374309478435,39.452848319635116,151.21722734005058
2256,total,joint,53.776719923116616,39.544790993716376,153.07471889240327
2257,total,joint,53.891245639066234,39.624590699890895,154.906180782563
2258,total,joint,54.05360687309017,39.74633938650312,156.04410922052048
2259,total,joint,54.160960192378646,39.81363584188834,156.20117098771738
2260,total,joint,54.31334840510534,39.92710934180339,156.40412135455588
2261,total,joint,54.44503950449544,40.02262109971596,156.58886273140956
2262,total,joint,54.56488676266546,40.10515120575796,156.75994027241768
2263,total,joint,54.715175361071914,40.205578059056,156.93244120487975
2264,total,joint,54.82365822616188,40.27122225699112,157.07009709103278
2265,total,joint,54.909306914709944,40.3270931198327,157.1923234756183
2266,total,joint,55.05119724960835,40.4387151812561,157.36961373824917
2267,total,joint,55.18114776278455,40.53309208033059,157.52733023501773
2268,total,joint,55.27903246421485,40.59482139901117,157.65360132870822
2269,total,joint,55.38480360426236,40.663143658690316,157.7891458247283
2270,total,joint,55.505712446619356,40.74487494346586,157.94029319017022
2271,total,joint,55.56641994847038,40.76287745411231,158.02921354452855
2272,total,joint,55.681801904152806,40.84472059906869,158.17274366058285
2273,total,joint,55.77283813297883,40.90567371544075,158.61651067298402
2274,total,joint,55.87515053177092,40.98804239437739,159.18684436021994
2275,total,joint,55.999477366890545,41.097052096770916,160.1281101468224
2276,total,joint,56.09918742807149,41.17474090642534,160.4919263158282
2277,total,joint,56.19972889133072,41.2482551238896,160.6223447543321
2278,total,joint,56.33135012546523,41.34929630842898,161.1402190265062
2279,total,joint,56.444353553786826,41.42512843035514,161.63513768090368
2280,total,joint,56.56705587338335,41.5179032633671,162.29071953394055
2281,total,joint,56.66839505665813,41.59351456081258,163.50964300005333
2282,total,joint,56.78174946943793,41.668136137971565,163.8379406368695
2283,total,joint,56.89064356759718,41.74031721766592,163.94569393906954
2284,total,joint,57.04865130472708,41.86133297469081,164.20932787170568
2285,total,joint,57.16694900347119,41.941855044008165,164.88786474221757
2286,total,joint,57.24191421323857,41.99898557378511,165.1000259612272
2287,total,joint,57.33963875707269,42.08376048086594,165.62777475794243
2288,total,joint,57.42931469984147,42.157310922549186,166.09693351762047
2289,total,joint,57.504830388027585,42.20550407193583,167.42047177183497
2290,total,joint,57.60996782127086,42.28255759979684,168.73201001170972
2291,total,joint,57.7274783470276,42.37305323217369,170.38193009309208
2292,total,joint,57.83045136959654,42.44335502178046,170.66021808463228
2293,total,joint,57.947064983303484,42.52419905794863,170.87285280467984
2294,total,joint,58.07205237626315,42.626620310937085,171.0648802525821
2295,total,joint,58.15899308457943,42.6902174286262,171.2231340650887
2296,total,joint,58.294273093249096,42.794397469012466,171.4238456955829
2297,total,joint,58.451229352454305,42.91652931813384,171.64875654093944
2298,total,joint,58.556331387421736,42.97723865701447,173.2642410205057
2299,total,joint,58.63923598011554,43.027323568096875,173.48344645140548
2300,total,joint,58.74976847542729,43.10081367189609,175.15636970326676
